4.413957016394843835e-01
4.146982613636182591e-01
3.968999678463742131e-01
3.791016743291301117e-01
3.613033808118860657e-01
3.524042340532640427e-01
3.346059405360199412e-01
3.257067937773979183e-01
3.168076470187758953e-01
2.990093535015317938e-01
2.901102067429097708e-01
2.723119132256657249e-01
2.545136197084216789e-01
2.456144729497996282e-01
2.367153261911775775e-01
2.278161794325555545e-01
2.278161794325555545e-01
2.367153261911775775e-01
2.456144729497996282e-01
2.545136197084216789e-01
2.634127664670437019e-01
2.723119132256657249e-01
2.901102067429097708e-01
2.990093535015317938e-01
3.079085002601538168e-01
3.079085002601538168e-01
3.079085002601538168e-01
3.079085002601538168e-01
3.079085002601538168e-01
3.079085002601538168e-01
3.079085002601538168e-01
3.079085002601538168e-01
3.168076470187758953e-01
3.168076470187758953e-01
3.168076470187758953e-01
3.257067937773979183e-01
3.168076470187758953e-01
3.168076470187758953e-01
3.079085002601538168e-01
3.079085002601538168e-01
2.990093535015317938e-01
2.901102067429097708e-01
2.723119132256657249e-01
2.545136197084216789e-01
2.367153261911775775e-01
2.278161794325555545e-01
2.100178859153114808e-01
2.011187391566894300e-01
1.922195923980674070e-01
1.744212988808233333e-01
1.566230053635792596e-01
1.388247118463351859e-01
1.210264183290911122e-01
1.032281248118470385e-01
5.873239101873685419e-02
-3.561636291617397299e-03
-6.585566360197164792e-02
-1.103513973950818322e-01
-1.726454247054360902e-01
-2.260403052571683113e-01
-2.883343325675226110e-01
-3.506283598778768273e-01
-4.218215339468531222e-01
-4.930147080158294171e-01
-5.553087353261836334e-01
-5.998044691192938593e-01
-6.354010561537819513e-01
-6.620984964296481312e-01
-6.798967899468921772e-01
-6.976950834641362231e-01
-7.243925237400024031e-01
-7.421908172572464490e-01
-7.599891107744904950e-01
-7.777874042917345410e-01
-7.955856978089786979e-01
-8.044848445676007209e-01
-8.222831380848447669e-01
-8.311822848434667899e-01
-8.400814316020888128e-01
-8.489805783607108358e-01
-8.489805783607108358e-01
-8.578797251193328588e-01
-8.578797251193328588e-01
-8.667788718779549928e-01
-8.756780186365770158e-01
-8.845771653951990388e-01
-8.845771653951990388e-01
-8.845771653951990388e-01
-8.934763121538210617e-01
-8.934763121538210617e-01
-8.845771653951990388e-01
-8.845771653951990388e-01
-8.756780186365770158e-01
-8.667788718779549928e-01
-8.489805783607108358e-01
-8.311822848434667899e-01
-8.222831380848447669e-01
-8.044848445676007209e-01
-7.866865510503565639e-01
-7.688882575331125180e-01
-7.510899640158684720e-01
-7.332916704986244261e-01
-7.154933769813802691e-01
-6.887959367055142001e-01
-6.709976431882701542e-01
-6.443002029124040853e-01
-5.909053223606718364e-01
-4.485189742227192466e-01
-3.239309196020107584e-01
-1.726454247054360902e-01
4.093409750149278048e-02
2.990093535015317938e-01
5.659837562601929273e-01
1.055436827984404857e+00
1.607183927018971170e+00
2.283519080674246027e+00
3.022148261639874711e+00
3.787474882881369798e+00
4.463810036536644432e+00
4.766381026329794324e+00
4.730784439295306676e+00
4.205734780536605655e+00
3.039946555157118979e+00
1.500394165915506672e+00
-7.475481036059368478e-02
-1.391828530636655126e+00
-2.023667950498819756e+00
-2.246146619464370442e+00
-2.023667950498819756e+00
-1.872382455602245033e+00
-1.792290134774646715e+00
-1.738895254222914577e+00
-1.694399520429804351e+00
-1.649903786636694125e+00
-1.605408052843583899e+00
-1.552013172291851761e+00
-1.507517438498741535e+00
-1.463021704705631310e+00
-1.418525970912521084e+00
-1.365131090360788946e+00
-1.320635356567678720e+00
-1.276139622774568494e+00
-1.222744742222836356e+00
-1.178249008429726130e+00
-1.133753274636616126e+00
-1.098156687602127812e+00
-1.089257540843505900e+00
-1.098156687602127812e+00
-1.098156687602127812e+00
-1.098156687602127812e+00
-1.089257540843505900e+00
-1.089257540843505900e+00
-1.080358394084883766e+00
-1.080358394084883766e+00
-1.089257540843505900e+00
-1.089257540843505900e+00
-1.098156687602127812e+00
-1.098156687602127812e+00
-1.098156687602127812e+00
-1.098156687602127812e+00
-1.107055834360749946e+00
-1.098156687602127812e+00
-1.098156687602127812e+00
-1.080358394084883766e+00
-1.062560100567639720e+00
-1.044761807050395674e+00
-1.018064366774529494e+00
-9.913669264986634255e-01
-9.646694862227973566e-01
-9.379720459469311766e-01
-9.112746056710651077e-01
-8.845771653951990388e-01
-8.489805783607108358e-01
-8.222831380848447669e-01
-7.866865510503565639e-01
-7.599891107744904950e-01
-7.421908172572464490e-01
-7.154933769813802691e-01
-6.976950834641362231e-01
-6.709976431882701542e-01
-6.531993496710261082e-01
-6.265019093951599283e-01
-6.087036158779158823e-01
-5.820061756020498134e-01
-5.464095885675616104e-01
-5.019138547744514955e-01
-4.485189742227192466e-01
-3.862249469123649748e-01
-3.239309196020107584e-01
-2.527377455330344080e-01
-1.726454247054360902e-01
-9.255310387783775850e-02
1.423665722562667511e-02
1.210264183290911122e-01
2.100178859153114808e-01
2.990093535015317938e-01
3.702025275705080887e-01
4.324965548808623605e-01
4.858914354325945539e-01
5.570846095015709043e-01
6.104794900533030422e-01
6.638743706050352911e-01
7.083701043981455170e-01
7.795632784671217008e-01
8.685547460533421527e-01
9.486470668809404705e-01
1.010941094191294631e+00
1.082134268260271037e+00
1.153327442329247221e+00
1.197823176122357447e+00
1.224520616398223627e+00
1.251218056674089585e+00
1.286814643708577899e+00
1.304612937225821945e+00
1.260117203432711719e+00
1.162226589087869355e+00
1.073235121501648903e+00
9.664453603981845164e-01
8.774538928119641756e-01
8.151598655016099038e-01
7.617649849498776549e-01
7.261683979153895629e-01
6.994709576395233830e-01
6.727735173636573140e-01
6.371769303291692221e-01
6.015803432946810192e-01
5.659837562601929273e-01
5.214880224670827014e-01
4.769922886739725310e-01
4.502948483981064065e-01
4.235974081222402821e-01
4.057991146049962361e-01
3.880008210877521901e-01
3.702025275705080887e-01
3.524042340532640427e-01
3.346059405360199412e-01
3.168076470187758953e-01
2.990093535015317938e-01
2.812110599842877479e-01
2.723119132256657249e-01
2.545136197084216789e-01
2.456144729497996282e-01
2.278161794325555545e-01
2.189170326739335037e-01
2.100178859153114808e-01
2.011187391566894300e-01
1.833204456394453563e-01
1.744212988808233333e-01
1.655221521222012826e-01
1.566230053635792596e-01
1.477238586049572089e-01
1.388247118463351859e-01
1.299255650877131352e-01
1.121272715704690753e-01
1.032281248118470385e-01
8.542983129460296476e-02
6.763153777735889105e-02
4.983324426011481734e-02
3.203495074287075056e-02
5.337510467004639124e-03
-1.246078305023943372e-02
-2.135992980886147058e-02
-3.915822332610554429e-02
-3.915822332610554429e-02
-4.805737008472758115e-02
-3.915822332610554429e-02
-3.025907656748350744e-02
-3.025907656748350744e-02
-3.025907656748350744e-02
-3.915822332610554429e-02
-3.915822332610554429e-02
-3.915822332610554429e-02
-4.805737008472758115e-02
-4.805737008472758115e-02
-4.805737008472758115e-02
-4.805737008472758115e-02
-4.805737008472758115e-02
-4.805737008472758115e-02
-4.805737008472758115e-02
-3.915822332610554429e-02
-3.025907656748350744e-02
-2.135992980886147058e-02
-1.246078305023943372e-02
5.337510467004639124e-03
3.203495074287075056e-02
5.873239101873685419e-02
9.432897805322500162e-02
1.210264183290911122e-01
1.388247118463351859e-01
1.655221521222012826e-01
1.922195923980674070e-01
2.189170326739335037e-01
2.367153261911775775e-01
2.367153261911775775e-01
2.100178859153114808e-01
1.655221521222012826e-01
1.299255650877131352e-01
8.542983129460296476e-02
6.763153777735889105e-02
4.983324426011481734e-02
3.203495074287075056e-02
1.423665722562667511e-02
-3.561636291617397299e-03
-2.135992980886147058e-02
-3.915822332610554429e-02
-5.695651684334961107e-02
-7.475481036059368478e-02
-1.014522506364597954e-01
-1.103513973950818322e-01
-1.281496909123258920e-01
-1.459479844295699658e-01
-1.548471311881920165e-01
-1.726454247054360902e-01
-1.904437182226801639e-01
-2.082420117399242376e-01
-2.349394520157903343e-01
-2.527377455330344080e-01
-2.883343325675226110e-01
-3.328300663606327814e-01
-3.773258001537429518e-01
-4.218215339468531222e-01
-4.663172677399632926e-01
-5.019138547744514955e-01
-5.375104418089395875e-01
-5.642078820848056564e-01
-5.909053223606718364e-01
-6.176027626365379053e-01
-6.443002029124040853e-01
-6.620984964296481312e-01
-6.798967899468921772e-01
-6.976950834641362231e-01
-7.065942302227582461e-01
-7.154933769813802691e-01
-7.243925237400024031e-01
-7.332916704986244261e-01
-7.421908172572464490e-01
-7.510899640158684720e-01
-7.599891107744904950e-01
-7.688882575331125180e-01
-7.777874042917345410e-01
-7.955856978089786979e-01
-8.133839913262227439e-01
-8.311822848434667899e-01
-8.489805783607108358e-01
-8.489805783607108358e-01
-8.489805783607108358e-01
-8.489805783607108358e-01
-8.489805783607108358e-01
-8.400814316020888128e-01
-8.311822848434667899e-01
-8.133839913262227439e-01
-7.955856978089786979e-01
-7.777874042917345410e-01
-7.599891107744904950e-01
-7.421908172572464490e-01
-7.332916704986244261e-01
-7.154933769813802691e-01
-6.887959367055142001e-01
-6.620984964296481312e-01
-6.354010561537819513e-01
-5.998044691192938593e-01
-5.731070288434277904e-01
-5.553087353261836334e-01
-5.286112950503175645e-01
-4.930147080158294171e-01
-4.396198274640972237e-01
-2.438385987744123851e-01
8.542983129460296476e-02
5.837820497774369732e-01
1.215621469639601493e+00
1.936452357087986353e+00
2.675081538053615482e+00
3.378114131984756519e+00
3.965457818053810701e+00
4.276927954605581839e+00
4.276927954605581839e+00
3.920962084260700475e+00
2.968753381088142795e+00
1.607183927018971170e+00
1.299255650877131352e-01
-1.187148155188348264e+00
-2.112659418085040208e+00
-2.406331261119567078e+00
-2.406331261119567078e+00
-2.121558564843661898e+00
-1.943575629671221217e+00
-1.881281602360867167e+00
-1.872382455602245033e+00
-1.881281602360867167e+00
-1.907979042636733125e+00
-1.934676482912599305e+00
-1.961373923188465485e+00
-1.979172216705709531e+00
-1.916878189395355259e+00
-1.792290134774646715e+00
-1.694399520429804351e+00
-1.605408052843583899e+00
-1.534214878774607715e+00
-1.480819998222875356e+00
-1.427425117671143218e+00
-1.382929383878032992e+00
-1.311736209809056808e+00
-1.231643888981458490e+00
-1.151551568153860172e+00
-1.062560100567639720e+00
-1.018064366774529494e+00
-9.913669264986634255e-01
-9.735686329814193796e-01
-9.557703394641753336e-01
-9.468711927055533106e-01
-9.290728991883091537e-01
-9.201737524296871307e-01
-9.112746056710651077e-01
-8.934763121538210617e-01
-8.756780186365770158e-01
-8.578797251193328588e-01
-8.489805783607108358e-01
-8.311822848434667899e-01
-8.222831380848447669e-01
-8.044848445676007209e-01
-7.866865510503565639e-01
-7.688882575331125180e-01
-7.510899640158684720e-01
-7.154933769813802691e-01
-6.709976431882701542e-01
-6.176027626365379053e-01
-5.731070288434277904e-01
-5.375104418089395875e-01
-5.108130015330735185e-01
-4.841155612572073941e-01
-4.663172677399632926e-01
-4.485189742227192466e-01
-4.307206807054751452e-01
-4.129223871882310992e-01
-3.951240936709869978e-01
-3.773258001537429518e-01
-3.595275066364988503e-01
-3.328300663606327814e-01
-3.150317728433886799e-01
-2.794351858089005325e-01
-2.527377455330344080e-01
-2.171411584985462606e-01
-1.726454247054360902e-01
-1.192505441537038691e-01
-1.246078305023943372e-02
8.542983129460296476e-02
1.744212988808233333e-01
2.634127664670437019e-01
3.613033808118860657e-01
4.235974081222402821e-01
4.680931419153505080e-01
5.036897289498386554e-01
5.303871692257047243e-01
5.481854627429487703e-01
5.837820497774369732e-01
6.193786368119250652e-01
6.727735173636573140e-01
7.261683979153895629e-01
7.973615719843658578e-01
8.863530395705861986e-01
9.664453603981845164e-01
1.046537681225782945e+00
1.135529148812003175e+00
1.233419763156845539e+00
1.260117203432711719e+00
1.286814643708577899e+00
1.313512083984443857e+00
1.322411230743065991e+00
1.295713790467199811e+00
1.224520616398223627e+00
1.162226589087869355e+00
1.099932561777515083e+00
1.037638534467160811e+00
9.753445071568065394e-01
9.041513330878302446e-01
8.151598655016099038e-01
7.350675446740115859e-01
6.193786368119250652e-01
4.680931419153505080e-01
3.079085002601538168e-01
1.388247118463351859e-01
-2.135992980886147058e-02
-1.815445714640581132e-01
-3.328300663606327814e-01
-4.307206807054751452e-01
-4.663172677399632926e-01
-4.930147080158294171e-01
-5.197121482916955415e-01
-5.019138547744514955e-01
-4.040232404296090762e-01
-2.972334793261446340e-01
-1.904437182226801639e-01
-1.459479844295699658e-01
-1.192505441537038691e-01
-1.014522506364597954e-01
-8.365395711921572164e-02
-8.365395711921572164e-02
-1.014522506364597954e-01
-1.281496909123258920e-01
-1.904437182226801639e-01
-2.883343325675226110e-01
-4.396198274640972237e-01
-5.464095885675616104e-01
-6.087036158779158823e-01
-6.709976431882701542e-01
-7.243925237400024031e-01
-7.688882575331125180e-01
-8.133839913262227439e-01
-8.400814316020888128e-01
-8.489805783607108358e-01
-8.489805783607108358e-01
-8.222831380848447669e-01
-7.777874042917345410e-01
-7.332916704986244261e-01
-6.887959367055142001e-01
-6.176027626365379053e-01
-5.553087353261836334e-01
-4.930147080158294171e-01
-4.752164144985853711e-01
-4.574181209813412696e-01
-4.485189742227192466e-01
-4.307206807054751452e-01
-4.218215339468531222e-01
-4.218215339468531222e-01
-4.129223871882310992e-01
-4.129223871882310992e-01
-4.129223871882310992e-01
-4.129223871882310992e-01
-4.129223871882310992e-01
-4.040232404296090762e-01
-4.040232404296090762e-01
-4.129223871882310992e-01
-4.129223871882310992e-01
-4.129223871882310992e-01
-4.129223871882310992e-01
-4.040232404296090762e-01
-3.951240936709869978e-01
-3.951240936709869978e-01
-3.862249469123649748e-01
-3.773258001537429518e-01
-3.684266533951209288e-01
-3.595275066364988503e-01
-3.417292131192548044e-01
-3.239309196020107584e-01
-3.061326260847666569e-01
-2.883343325675226110e-01
-2.616368922916564310e-01
-2.349394520157903343e-01
-1.993428649813021869e-01
-1.726454247054360902e-01
-1.637462779468140395e-01
-1.637462779468140395e-01
-1.815445714640581132e-01
-1.993428649813021869e-01
-2.260403052571683113e-01
-2.438385987744123851e-01
-2.616368922916564310e-01
-2.883343325675226110e-01
-3.239309196020107584e-01
-3.595275066364988503e-01
-3.773258001537429518e-01
-3.862249469123649748e-01
-3.951240936709869978e-01
-4.129223871882310992e-01
-4.485189742227192466e-01
-4.930147080158294171e-01
-4.218215339468531222e-01
-3.506283598778768273e-01
-2.972334793261446340e-01
-2.349394520157903343e-01
-1.726454247054360902e-01
-1.281496909123258920e-01
-1.014522506364597954e-01
-6.585566360197164792e-02
-4.805737008472758115e-02
-5.695651684334961107e-02
-7.475481036059368478e-02
-9.255310387783775850e-02
-1.103513973950818322e-01
-1.370488376709479428e-01
-1.637462779468140395e-01
-1.726454247054360902e-01
-1.726454247054360902e-01
-1.459479844295699658e-01
-1.103513973950818322e-01
-6.585566360197164792e-02
-3.025907656748350744e-02
-3.561636291617397299e-03
3.203495074287075056e-02
7.653068453598092791e-02
1.032281248118470385e-01
1.299255650877131352e-01
1.477238586049572089e-01
1.655221521222012826e-01
1.833204456394453563e-01
2.011187391566894300e-01
2.189170326739335037e-01
2.367153261911775775e-01
2.545136197084216789e-01
2.634127664670437019e-01
2.723119132256657249e-01
2.723119132256657249e-01
2.723119132256657249e-01
2.723119132256657249e-01
2.634127664670437019e-01
2.456144729497996282e-01
2.189170326739335037e-01
1.922195923980674070e-01
1.655221521222012826e-01
1.299255650877131352e-01
1.032281248118470385e-01
5.873239101873685419e-02
-2.135992980886147058e-02
-9.255310387783775850e-02
-1.103513973950818322e-01
-1.281496909123258920e-01
-1.459479844295699658e-01
-1.726454247054360902e-01
-1.904437182226801639e-01
-2.082420117399242376e-01
-2.260403052571683113e-01
-2.260403052571683113e-01
-2.171411584985462606e-01
-1.904437182226801639e-01
-1.459479844295699658e-01
-9.255310387783775850e-02
3.203495074287075056e-02
2.456144729497996282e-01
5.570846095015709043e-01
9.397479201223184475e-01
1.384705258053420263e+00
1.891956623294876350e+00
2.461502015846686486e+00
3.120038875984717297e+00
3.849768910191724292e+00
4.561700650881487462e+00
5.068952016122943327e+00
5.131246043433297821e+00
4.926565667984990959e+00
3.992155258329676659e+00
2.532695189915662670e+00
7.884624252257438348e-01
-8.667788718779549928e-01
-2.077062831050551672e+00
-2.522020168981653487e+00
-2.530919315740275621e+00
-2.130457711602284032e+00
-1.623206346360827945e+00
-1.329534503326300854e+00
-1.240543035740080402e+00
-1.320635356567678720e+00
-1.454122557947009398e+00
-1.552013172291851761e+00
-1.596508906084961987e+00
-1.614307199602206033e+00
-1.543114025533229627e+00
-1.320635356567678720e+00
-1.089257540843505900e+00
-8.400814316020888128e-01
-6.887959367055142001e-01
-5.286112950503175645e-01
-3.862249469123649748e-01
-2.794351858089005325e-01
-2.171411584985462606e-01
-1.993428649813021869e-01
-1.904437182226801639e-01
-1.815445714640581132e-01
-1.815445714640581132e-01
-1.815445714640581132e-01
-1.815445714640581132e-01
-1.993428649813021869e-01
-2.171411584985462606e-01
-2.349394520157903343e-01
-2.438385987744123851e-01
-2.527377455330344080e-01
-2.616368922916564310e-01
-2.705360390502785095e-01
-2.794351858089005325e-01
-2.794351858089005325e-01
-2.883343325675226110e-01
-2.883343325675226110e-01
-2.883343325675226110e-01
-2.883343325675226110e-01
-2.883343325675226110e-01
-2.794351858089005325e-01
-2.794351858089005325e-01
-2.794351858089005325e-01
-2.794351858089005325e-01
-2.794351858089005325e-01
-2.705360390502785095e-01
-2.705360390502785095e-01
-2.705360390502785095e-01
-2.705360390502785095e-01
-2.705360390502785095e-01
-2.616368922916564310e-01
-2.616368922916564310e-01
-2.527377455330344080e-01
-2.438385987744123851e-01
-2.349394520157903343e-01
-2.349394520157903343e-01
-2.260403052571683113e-01
-2.171411584985462606e-01
-2.171411584985462606e-01
-2.082420117399242376e-01
-1.993428649813021869e-01
-1.904437182226801639e-01
-1.815445714640581132e-01
-1.726454247054360902e-01
-1.459479844295699658e-01
-1.014522506364597954e-01
-3.915822332610554429e-02
4.093409750149278048e-02
1.566230053635792596e-01
3.257067937773979183e-01
4.413957016394843835e-01
5.214880224670827014e-01
5.926811965360589962e-01
6.549752238464132681e-01
7.172692511567675400e-01
7.617649849498776549e-01
8.151598655016099038e-01
8.596555992947201297e-01
9.041513330878302446e-01
9.575462136395624935e-01
1.019840240949916765e+00
1.082134268260271037e+00
1.153327442329247221e+00
1.206722322880979581e+00
1.242318909915467673e+00
1.277915496949955765e+00
1.304612937225821945e+00
1.313512083984443857e+00
1.304612937225821945e+00
1.286814643708577899e+00
1.242318909915467673e+00
1.188924029363735313e+00
1.091033415018892949e+00
9.219496266050742905e-01
7.795632784671217008e-01
6.727735173636573140e-01
5.570846095015709043e-01
4.680931419153505080e-01
3.791016743291301117e-01
2.990093535015317938e-01
2.189170326739335037e-01
1.833204456394453563e-01
1.655221521222012826e-01
1.477238586049572089e-01
1.388247118463351859e-01
1.210264183290911122e-01
1.121272715704690753e-01
1.032281248118470385e-01
1.032281248118470385e-01
9.432897805322500162e-02
9.432897805322500162e-02
8.542983129460296476e-02
6.763153777735889105e-02
4.983324426011481734e-02
3.203495074287075056e-02
2.313580398424871024e-02
1.423665722562667511e-02
5.337510467004639124e-03
-3.561636291617397299e-03
-1.246078305023943372e-02
-2.135992980886147058e-02
-2.135992980886147058e-02
-3.025907656748350744e-02
-3.025907656748350744e-02
-3.915822332610554429e-02
-5.695651684334961107e-02
-7.475481036059368478e-02
-1.014522506364597954e-01
-1.103513973950818322e-01
-1.281496909123258920e-01
-1.459479844295699658e-01
-1.637462779468140395e-01
-1.726454247054360902e-01
-1.726454247054360902e-01
-1.637462779468140395e-01
-1.459479844295699658e-01
-1.192505441537038691e-01
-9.255310387783775850e-02
-5.695651684334961107e-02
-3.025907656748350744e-02
-3.561636291617397299e-03
1.423665722562667511e-02
4.093409750149278048e-02
5.873239101873685419e-02
6.763153777735889105e-02
8.542983129460296476e-02
9.432897805322500162e-02
1.032281248118470385e-01
1.210264183290911122e-01
1.388247118463351859e-01
1.655221521222012826e-01
1.922195923980674070e-01
2.100178859153114808e-01
2.367153261911775775e-01
2.456144729497996282e-01
2.545136197084216789e-01
2.545136197084216789e-01
2.545136197084216789e-01
2.545136197084216789e-01
2.545136197084216789e-01
2.456144729497996282e-01
2.367153261911775775e-01
2.278161794325555545e-01
2.278161794325555545e-01
2.189170326739335037e-01
2.189170326739335037e-01
2.100178859153114808e-01
2.011187391566894300e-01
1.922195923980674070e-01
1.833204456394453563e-01
1.744212988808233333e-01
1.566230053635792596e-01
1.477238586049572089e-01
1.299255650877131352e-01
1.032281248118470385e-01
8.542983129460296476e-02
5.873239101873685419e-02
4.093409750149278048e-02
1.423665722562667511e-02
-5.695651684334961107e-02
-1.281496909123258920e-01
-1.904437182226801639e-01
-2.527377455330344080e-01
-3.061326260847666569e-01
-3.506283598778768273e-01
-3.862249469123649748e-01
-4.129223871882310992e-01
-4.396198274640972237e-01
-4.663172677399632926e-01
-4.930147080158294171e-01
-5.197121482916955415e-01
-5.553087353261836334e-01
-5.820061756020498134e-01
-5.998044691192938593e-01
-5.909053223606718364e-01
-5.731070288434277904e-01
-5.553087353261836334e-01
-5.375104418089395875e-01
-5.286112950503175645e-01
-5.108130015330735185e-01
-5.019138547744514955e-01
-4.930147080158294171e-01
-5.108130015330735185e-01
-5.464095885675616104e-01
-5.820061756020498134e-01
-6.087036158779158823e-01
-6.265019093951599283e-01
-6.443002029124040853e-01
-6.620984964296481312e-01
-6.798967899468921772e-01
-6.976950834641362231e-01
-7.154933769813802691e-01
-7.332916704986244261e-01
-7.421908172572464490e-01
-7.510899640158684720e-01
-7.599891107744904950e-01
-7.688882575331125180e-01
-7.688882575331125180e-01
-7.599891107744904950e-01
-7.510899640158684720e-01
-7.332916704986244261e-01
-7.243925237400024031e-01
-6.976950834641362231e-01
-6.798967899468921772e-01
-6.531993496710261082e-01
-6.265019093951599283e-01
-5.909053223606718364e-01
-5.464095885675616104e-01
-4.485189742227192466e-01
-2.260403052571683113e-01
1.032281248118470385e-01
5.214880224670827014e-01
1.019840240949916765e+00
1.607183927018971170e+00
2.274619933915623893e+00
3.022148261639874711e+00
3.778575736122748108e+00
4.374818568950423980e+00
4.632893824950463646e+00
4.588398091157353420e+00
4.081146725915897555e+00
2.915358500536410435e+00
1.358007817777554083e+00
-3.061326260847666569e-01
-1.756693547740158623e+00
-2.691103957395472257e+00
-2.913582626361023387e+00
-2.860187745809291027e+00
-2.388532967602323254e+00
-1.943575629671221217e+00
-1.827886721809134807e+00
-1.792290134774646715e+00
-1.756693547740158623e+00
-1.836785868567756941e+00
-1.925777336153977171e+00
-2.005869656981575488e+00
-1.996970510222953576e+00
-1.890180749119489079e+00
-1.729996107464292443e+00
-1.525315732015985581e+00
-1.329534503326300854e+00
-1.142652421395238038e+00
-1.071459247326261854e+00
-1.053660953809017808e+00
-1.035862660291773540e+00
-1.018064366774529494e+00
-1.009165220015907583e+00
-1.000266073257285449e+00
-9.913669264986634255e-01
-9.913669264986634255e-01
-9.913669264986634255e-01
-9.824677797400414025e-01
-9.824677797400414025e-01
-9.735686329814193796e-01
-9.646694862227973566e-01
-9.646694862227973566e-01
-9.557703394641753336e-01
-9.557703394641753336e-01
-9.557703394641753336e-01
-9.468711927055533106e-01
-9.379720459469311766e-01
-9.379720459469311766e-01
-9.290728991883091537e-01
-9.201737524296871307e-01
-9.023754589124430847e-01
-8.756780186365770158e-01
-8.578797251193328588e-01
-8.311822848434667899e-01
-7.955856978089786979e-01
-7.332916704986244261e-01
-6.709976431882701542e-01
-6.087036158779158823e-01
-5.553087353261836334e-01
-5.197121482916955415e-01
-5.019138547744514955e-01
-4.841155612572073941e-01
-4.752164144985853711e-01
-4.574181209813412696e-01
-4.396198274640972237e-01
-4.307206807054751452e-01
-4.129223871882310992e-01
-3.951240936709869978e-01
-3.862249469123649748e-01
-3.773258001537429518e-01
-3.595275066364988503e-01
-3.506283598778768273e-01
-3.328300663606327814e-01
-3.150317728433886799e-01
-2.972334793261446340e-01
-2.705360390502785095e-01
-1.993428649813021869e-01
-1.192505441537038691e-01
-3.915822332610554429e-02
7.653068453598092791e-02
2.011187391566894300e-01
3.168076470187758953e-01
4.146982613636182591e-01
5.036897289498386554e-01
5.926811965360589962e-01
6.816726641222793370e-01
7.617649849498776549e-01
8.329581590188539497e-01
8.863530395705861986e-01
9.308487733636964245e-01
9.664453603981845164e-01
1.010941094191294631e+00
1.064335974743026991e+00
1.099932561777515083e+00
1.126630002053381263e+00
1.144428295570625309e+00
1.162226589087869355e+00
1.171125735846491267e+00
1.180024882605113401e+00
1.180024882605113401e+00
1.162226589087869355e+00
1.126630002053381263e+00
1.073235121501648903e+00
1.010941094191294631e+00
9.219496266050742905e-01
8.151598655016099038e-01
7.261683979153895629e-01
6.460760770877912451e-01
5.748829030188149503e-01
5.125888757084606784e-01
4.591939951567284295e-01
4.146982613636182591e-01
3.791016743291301117e-01
3.346059405360199412e-01
2.901102067429097708e-01
2.367153261911775775e-01
1.833204456394453563e-01
1.121272715704690753e-01
6.763153777735889105e-02
4.983324426011481734e-02
4.093409750149278048e-02
4.093409750149278048e-02
4.093409750149278048e-02
3.203495074287075056e-02
3.203495074287075056e-02
3.203495074287075056e-02
3.203495074287075056e-02
3.203495074287075056e-02
2.313580398424871024e-02
1.423665722562667511e-02
5.337510467004639124e-03
-3.561636291617397299e-03
-1.246078305023943372e-02
-2.135992980886147058e-02
-3.025907656748350744e-02
-3.915822332610554429e-02
-3.915822332610554429e-02
-4.805737008472758115e-02
-5.695651684334961107e-02
-5.695651684334961107e-02
-6.585566360197164792e-02
-7.475481036059368478e-02
-8.365395711921572164e-02
-9.255310387783775850e-02
-9.255310387783775850e-02
-9.255310387783775850e-02
-1.014522506364597954e-01
-1.014522506364597954e-01
-1.014522506364597954e-01
-1.103513973950818322e-01
-1.103513973950818322e-01
-1.103513973950818322e-01
-1.103513973950818322e-01
-1.192505441537038691e-01
-1.281496909123258920e-01
-1.281496909123258920e-01
-1.281496909123258920e-01
-1.370488376709479428e-01
-1.370488376709479428e-01
-1.459479844295699658e-01
-1.548471311881920165e-01
-1.726454247054360902e-01
-1.815445714640581132e-01
-1.993428649813021869e-01
-2.171411584985462606e-01
-2.527377455330344080e-01
-2.794351858089005325e-01
-3.150317728433886799e-01
-3.417292131192548044e-01
-3.684266533951209288e-01
-3.862249469123649748e-01
-3.951240936709869978e-01
-4.129223871882310992e-01
-4.307206807054751452e-01
-4.396198274640972237e-01
-4.574181209813412696e-01
-4.752164144985853711e-01
-4.930147080158294171e-01
-5.019138547744514955e-01
-5.019138547744514955e-01
-5.019138547744514955e-01
-4.841155612572073941e-01
-4.752164144985853711e-01
-4.663172677399632926e-01
-4.485189742227192466e-01
-4.396198274640972237e-01
-4.218215339468531222e-01
-4.040232404296090762e-01
-3.862249469123649748e-01
-3.862249469123649748e-01
-3.862249469123649748e-01
-4.040232404296090762e-01
-4.396198274640972237e-01
-4.752164144985853711e-01
-5.108130015330735185e-01
-5.375104418089395875e-01
-5.731070288434277904e-01
-6.176027626365379053e-01
-6.531993496710261082e-01
-6.798967899468921772e-01
-7.154933769813802691e-01
-7.421908172572464490e-01
-7.777874042917345410e-01
-8.133839913262227439e-01
-8.667788718779549928e-01
-9.646694862227973566e-01
-1.071459247326261854e+00
-1.133753274636616126e+00
-1.169349861671104218e+00
-1.204946448705592310e+00
-1.231643888981458490e+00
-1.249442182498702536e+00
-1.258341329257324448e+00
-1.267240476015946582e+00
-1.267240476015946582e+00
-1.258341329257324448e+00
-1.249442182498702536e+00
-1.231643888981458490e+00
-1.213845595464214444e+00
-1.187148155188348264e+00
-1.160450714912482084e+00
-1.133753274636616126e+00
-1.098156687602127812e+00
-1.053660953809017808e+00
-1.000266073257285449e+00
-9.468711927055533106e-01
-9.023754589124430847e-01
-8.667788718779549928e-01
-8.400814316020888128e-01
-8.133839913262227439e-01
-7.955856978089786979e-01
-7.777874042917345410e-01
-7.599891107744904950e-01
-7.332916704986244261e-01
-7.154933769813802691e-01
-7.065942302227582461e-01
-6.798967899468921772e-01
-6.620984964296481312e-01
-6.265019093951599283e-01
-5.553087353261836334e-01
-3.951240936709869978e-01
-2.794351858089005325e-01
-1.993428649813021869e-01
-1.459479844295699658e-01
-1.103513973950818322e-01
-9.255310387783775850e-02
-6.585566360197164792e-02
-5.695651684334961107e-02
-1.014522506364597954e-01
-1.726454247054360902e-01
-3.061326260847666569e-01
-4.752164144985853711e-01
-5.820061756020498134e-01
-6.531993496710261082e-01
-7.065942302227582461e-01
-7.510899640158684720e-01
-7.777874042917345410e-01
-7.955856978089786979e-01
-8.133839913262227439e-01
-8.222831380848447669e-01
-8.311822848434667899e-01
-8.400814316020888128e-01
-8.400814316020888128e-01
-8.400814316020888128e-01
-8.222831380848447669e-01
-8.044848445676007209e-01
-7.866865510503565639e-01
-7.688882575331125180e-01
-7.421908172572464490e-01
-7.154933769813802691e-01
-6.976950834641362231e-01
-6.798967899468921772e-01
-6.620984964296481312e-01
-6.443002029124040853e-01
-6.265019093951599283e-01
-6.087036158779158823e-01
-5.909053223606718364e-01
-5.642078820848056564e-01
-5.464095885675616104e-01
-5.286112950503175645e-01
-5.108130015330735185e-01
-4.930147080158294171e-01
-4.752164144985853711e-01
-4.574181209813412696e-01
-4.307206807054751452e-01
-3.862249469123649748e-01
-2.972334793261446340e-01
-2.260403052571683113e-01
-1.637462779468140395e-01
-1.281496909123258920e-01
-1.103513973950818322e-01
-8.365395711921572164e-02
-6.585566360197164792e-02
-4.805737008472758115e-02
-3.025907656748350744e-02
-3.561636291617397299e-03
5.337510467004639124e-03
2.313580398424871024e-02
4.983324426011481734e-02
7.653068453598092791e-02
1.477238586049572089e-01
2.990093535015317938e-01
4.680931419153505080e-01
6.371769303291692221e-01
9.308487733636964245e-01
1.269016350191333853e+00
1.722872834881057580e+00
2.265720787157001759e+00
2.870862766743300210e+00
3.502702186605464618e+00
4.125642459709007781e+00
4.668490411984952182e+00
5.104548603157431863e+00
5.309228978605738725e+00
5.273632391571250189e+00
4.882069934191880733e+00
3.965457818053810701e+00
2.728476418605347842e+00
1.411402698329286221e+00
2.278161794325555545e-01
-5.731070288434277904e-01
-8.133839913262227439e-01
-8.222831380848447669e-01
-5.642078820848056564e-01
-2.438385987744123851e-01
-1.281496909123258920e-01
-1.103513973950818322e-01
-7.475481036059368478e-02
-6.585566360197164792e-02
-5.695651684334961107e-02
-7.475481036059368478e-02
-1.014522506364597954e-01
-1.281496909123258920e-01
-1.726454247054360902e-01
-1.459479844295699658e-01
-2.135992980886147058e-02
6.763153777735889105e-02
1.210264183290911122e-01
1.744212988808233333e-01
2.100178859153114808e-01
2.456144729497996282e-01
2.723119132256657249e-01
2.990093535015317938e-01
3.168076470187758953e-01
3.435050872946419642e-01
3.613033808118860657e-01
3.791016743291301117e-01
3.968999678463742131e-01
4.146982613636182591e-01
4.235974081222402821e-01
4.324965548808623605e-01
4.413957016394843835e-01
4.502948483981064065e-01
4.591939951567284295e-01
4.591939951567284295e-01
4.591939951567284295e-01
4.591939951567284295e-01
4.591939951567284295e-01
4.502948483981064065e-01
4.502948483981064065e-01
4.413957016394843835e-01
4.324965548808623605e-01
4.235974081222402821e-01
4.057991146049962361e-01
3.968999678463742131e-01
3.880008210877521901e-01
3.880008210877521901e-01
3.702025275705080887e-01
3.613033808118860657e-01
3.435050872946419642e-01
3.257067937773979183e-01
3.168076470187758953e-01
3.168076470187758953e-01
3.257067937773979183e-01
3.435050872946419642e-01
3.613033808118860657e-01
3.880008210877521901e-01
4.057991146049962361e-01
4.324965548808623605e-01
4.591939951567284295e-01
4.858914354325945539e-01
5.214880224670827014e-01
5.570846095015709043e-01
6.015803432946810192e-01
6.460760770877912451e-01
6.994709576395233830e-01
7.528658381912556319e-01
8.062607187429878808e-01
8.596555992947201297e-01
9.041513330878302446e-01
9.486470668809404705e-01
1.002041947432672719e+00
1.055436827984404857e+00
1.117730855294759129e+00
1.171125735846491267e+00
1.215621469639601493e+00
1.251218056674089585e+00
1.277915496949955765e+00
1.295713790467199811e+00
1.313512083984443857e+00
1.331310377501687903e+00
1.340209524260310037e+00
1.358007817777554083e+00
1.366906964536176217e+00
1.375806111294798129e+00
1.375806111294798129e+00
1.366906964536176217e+00
1.358007817777554083e+00
1.349108671018932171e+00
1.322411230743065991e+00
1.295713790467199811e+00
1.269016350191333853e+00
1.224520616398223627e+00
1.180024882605113401e+00
1.108831708536136995e+00
1.028739387708538677e+00
9.219496266050742905e-01
8.062607187429878808e-01
6.727735173636573140e-01
5.481854627429487703e-01
5.036897289498386554e-01
4.858914354325945539e-01
4.591939951567284295e-01
4.413957016394843835e-01
4.235974081222402821e-01
4.057991146049962361e-01
3.880008210877521901e-01
3.702025275705080887e-01
3.613033808118860657e-01
3.524042340532640427e-01
3.435050872946419642e-01
3.346059405360199412e-01
3.346059405360199412e-01
3.346059405360199412e-01
3.346059405360199412e-01
3.435050872946419642e-01
3.524042340532640427e-01
3.613033808118860657e-01
3.702025275705080887e-01
3.791016743291301117e-01
3.791016743291301117e-01
3.880008210877521901e-01
3.968999678463742131e-01
4.057991146049962361e-01
4.057991146049962361e-01
4.146982613636182591e-01
4.146982613636182591e-01
4.235974081222402821e-01
4.235974081222402821e-01
4.324965548808623605e-01
4.324965548808623605e-01
4.413957016394843835e-01
4.413957016394843835e-01
4.502948483981064065e-01
4.680931419153505080e-01
4.769922886739725310e-01
4.502948483981064065e-01
3.968999678463742131e-01
3.257067937773979183e-01
2.901102067429097708e-01
2.634127664670437019e-01
2.278161794325555545e-01
2.011187391566894300e-01
1.744212988808233333e-01
1.477238586049572089e-01
1.210264183290911122e-01
8.542983129460296476e-02
5.873239101873685419e-02
4.093409750149278048e-02
1.423665722562667511e-02
-3.561636291617397299e-03
-2.135992980886147058e-02
-3.915822332610554429e-02
-4.805737008472758115e-02
-5.695651684334961107e-02
-6.585566360197164792e-02
-7.475481036059368478e-02
-8.365395711921572164e-02
-1.014522506364597954e-01
-1.103513973950818322e-01
-1.281496909123258920e-01
-1.459479844295699658e-01
-1.726454247054360902e-01
-1.993428649813021869e-01
-2.171411584985462606e-01
-2.438385987744123851e-01
-2.616368922916564310e-01
-2.705360390502785095e-01
-2.794351858089005325e-01
-2.883343325675226110e-01
-2.972334793261446340e-01
-3.061326260847666569e-01
-3.150317728433886799e-01
-3.239309196020107584e-01
-3.506283598778768273e-01
-3.684266533951209288e-01
-3.862249469123649748e-01
-4.040232404296090762e-01
-4.129223871882310992e-01
-4.218215339468531222e-01
-4.218215339468531222e-01
-4.129223871882310992e-01
-4.040232404296090762e-01
-3.862249469123649748e-01
-3.684266533951209288e-01
-3.506283598778768273e-01
-3.417292131192548044e-01
-3.239309196020107584e-01
-3.150317728433886799e-01
-2.972334793261446340e-01
-2.883343325675226110e-01
-2.883343325675226110e-01
-3.061326260847666569e-01
-3.417292131192548044e-01
-3.862249469123649748e-01
-4.396198274640972237e-01
-4.752164144985853711e-01
-5.019138547744514955e-01
-5.375104418089395875e-01
-5.642078820848056564e-01
-5.998044691192938593e-01
-6.265019093951599283e-01
-6.620984964296481312e-01
-6.887959367055142001e-01
-7.065942302227582461e-01
-7.243925237400024031e-01
-7.332916704986244261e-01
-7.421908172572464490e-01
-7.510899640158684720e-01
-7.510899640158684720e-01
-7.510899640158684720e-01
-7.421908172572464490e-01
-7.421908172572464490e-01
-7.421908172572464490e-01
-7.421908172572464490e-01
-7.510899640158684720e-01
-7.599891107744904950e-01
-7.777874042917345410e-01
-7.866865510503565639e-01
-8.044848445676007209e-01
-8.133839913262227439e-01
-8.311822848434667899e-01
-8.489805783607108358e-01
-8.578797251193328588e-01
-8.667788718779549928e-01
-8.756780186365770158e-01
-8.756780186365770158e-01
-8.756780186365770158e-01
-8.845771653951990388e-01
-8.934763121538210617e-01
-9.112746056710651077e-01
-9.201737524296871307e-01
-9.468711927055533106e-01
-9.824677797400414025e-01
-1.018064366774529494e+00
-1.035862660291773540e+00
-1.009165220015907583e+00
-9.557703394641753336e-01
-8.845771653951990388e-01
-8.044848445676007209e-01
-6.976950834641362231e-01
-5.909053223606718364e-01
-4.930147080158294171e-01
-3.417292131192548044e-01
-1.281496909123258920e-01
7.653068453598092791e-02
2.901102067429097708e-01
6.638743706050352911e-01
1.028739387708538677e+00
1.482595872398262626e+00
1.989847237639718713e+00
2.532695189915662670e+00
3.075543142191607071e+00
3.600592800950307204e+00
4.161239046743495429e+00
4.748582732812550056e+00
5.086750309640187595e+00
5.202439217502274005e+00
4.926565667984990959e+00
4.098945019433140935e+00
2.639484951019127390e+00
9.130504798464522676e-01
-5.464095885675616104e-01
-1.249442182498702536e+00
-1.320635356567678720e+00
-1.000266073257285449e+00
-4.129223871882310992e-01
-1.370488376709479428e-01
-5.695651684334961107e-02
-1.637462779468140395e-01
-4.841155612572073941e-01
-7.065942302227582461e-01
-7.777874042917345410e-01
-8.133839913262227439e-01
-8.133839913262227439e-01
-7.510899640158684720e-01
-6.620984964296481312e-01
-5.731070288434277904e-01
-4.485189742227192466e-01
-3.239309196020107584e-01
-2.349394520157903343e-01
-1.637462779468140395e-01
-1.103513973950818322e-01
-9.255310387783775850e-02
-7.475481036059368478e-02
-5.695651684334961107e-02
-5.695651684334961107e-02
-5.695651684334961107e-02
-5.695651684334961107e-02
-5.695651684334961107e-02
-5.695651684334961107e-02
-5.695651684334961107e-02
-5.695651684334961107e-02
-5.695651684334961107e-02
-5.695651684334961107e-02
-5.695651684334961107e-02
-4.805737008472758115e-02
-4.805737008472758115e-02
-4.805737008472758115e-02
-4.805737008472758115e-02
-4.805737008472758115e-02
-3.915822332610554429e-02
-3.915822332610554429e-02
-4.805737008472758115e-02
-4.805737008472758115e-02
-5.695651684334961107e-02
-6.585566360197164792e-02
-6.585566360197164792e-02
-6.585566360197164792e-02
-6.585566360197164792e-02
-6.585566360197164792e-02
-7.475481036059368478e-02
-7.475481036059368478e-02
-6.585566360197164792e-02
-6.585566360197164792e-02
-5.695651684334961107e-02
-5.695651684334961107e-02
-5.695651684334961107e-02
-5.695651684334961107e-02
-5.695651684334961107e-02
-4.805737008472758115e-02
-4.805737008472758115e-02
-4.805737008472758115e-02
-4.805737008472758115e-02
-3.915822332610554429e-02
-3.025907656748350744e-02
-2.135992980886147058e-02
-3.561636291617397299e-03
1.423665722562667511e-02
3.203495074287075056e-02
4.983324426011481734e-02
1.032281248118470385e-01
1.744212988808233333e-01
2.367153261911775775e-01
2.990093535015317938e-01
3.702025275705080887e-01
4.591939951567284295e-01
5.837820497774369732e-01
7.172692511567675400e-01
8.596555992947201297e-01
9.931428006740505854e-01
1.099932561777515083e+00
1.153327442329247221e+00
1.188924029363735313e+00
1.215621469639601493e+00
1.242318909915467673e+00
1.260117203432711719e+00
1.277915496949955765e+00
1.277915496949955765e+00
1.277915496949955765e+00
1.269016350191333853e+00
1.260117203432711719e+00
1.242318909915467673e+00
1.215621469639601493e+00
1.180024882605113401e+00
1.144428295570625309e+00
1.091033415018892949e+00
1.010941094191294631e+00
9.308487733636964245e-01
8.507564525360979957e-01
7.350675446740115859e-01
5.659837562601929273e-01
4.235974081222402821e-01
3.346059405360199412e-01
2.723119132256657249e-01
2.545136197084216789e-01
2.367153261911775775e-01
2.278161794325555545e-01
2.189170326739335037e-01
2.100178859153114808e-01
2.100178859153114808e-01
2.100178859153114808e-01
2.189170326739335037e-01
2.189170326739335037e-01
2.189170326739335037e-01
2.278161794325555545e-01
2.278161794325555545e-01
2.278161794325555545e-01
2.278161794325555545e-01
2.278161794325555545e-01
2.278161794325555545e-01
2.278161794325555545e-01
2.189170326739335037e-01
2.189170326739335037e-01
2.100178859153114808e-01
2.011187391566894300e-01
1.922195923980674070e-01
1.744212988808233333e-01
1.655221521222012826e-01
1.477238586049572089e-01
1.299255650877131352e-01
1.032281248118470385e-01
7.653068453598092791e-02
2.313580398424871024e-02
-3.025907656748350744e-02
-9.255310387783775850e-02
-1.459479844295699658e-01
-2.082420117399242376e-01
-2.527377455330344080e-01
-2.972334793261446340e-01
-3.328300663606327814e-01
-3.684266533951209288e-01
-3.951240936709869978e-01
-4.129223871882310992e-01
-4.307206807054751452e-01
-4.485189742227192466e-01
-4.663172677399632926e-01
-4.752164144985853711e-01
-4.841155612572073941e-01
-4.841155612572073941e-01
-4.841155612572073941e-01
-4.930147080158294171e-01
-5.019138547744514955e-01
-5.019138547744514955e-01
-5.108130015330735185e-01
-5.108130015330735185e-01
-5.108130015330735185e-01
-5.108130015330735185e-01
-5.197121482916955415e-01
-5.197121482916955415e-01
-5.197121482916955415e-01
-5.197121482916955415e-01
-5.108130015330735185e-01
-5.019138547744514955e-01
-4.930147080158294171e-01
-4.930147080158294171e-01
-4.841155612572073941e-01
-4.752164144985853711e-01
-4.574181209813412696e-01
-4.396198274640972237e-01
-4.218215339468531222e-01
-4.129223871882310992e-01
-4.218215339468531222e-01
-4.396198274640972237e-01
-4.663172677399632926e-01
-4.841155612572073941e-01
-4.930147080158294171e-01
-5.019138547744514955e-01
-5.197121482916955415e-01
-5.375104418089395875e-01
-5.553087353261836334e-01
-5.642078820848056564e-01
-5.731070288434277904e-01
-5.820061756020498134e-01
-5.909053223606718364e-01
-5.998044691192938593e-01
-6.087036158779158823e-01
-6.087036158779158823e-01
-6.176027626365379053e-01
-6.176027626365379053e-01
-6.176027626365379053e-01
-6.265019093951599283e-01
-6.443002029124040853e-01
-6.709976431882701542e-01
-6.976950834641362231e-01
-7.243925237400024031e-01
-7.688882575331125180e-01
-8.578797251193328588e-01
-9.557703394641753336e-01
-1.035862660291773540e+00
-1.089257540843505900e+00
-1.142652421395238038e+00
-1.178249008429726130e+00
-1.213845595464214444e+00
-1.231643888981458490e+00
-1.249442182498702536e+00
-1.267240476015946582e+00
-1.285038769533190628e+00
-1.302837063050434674e+00
-1.320635356567678720e+00
-1.329534503326300854e+00
-1.338433650084922766e+00
-1.347332796843544900e+00
-1.347332796843544900e+00
-1.338433650084922766e+00
-1.329534503326300854e+00
-1.311736209809056808e+00
-1.285038769533190628e+00
-1.258341329257324448e+00
-1.240543035740080402e+00
-1.213845595464214444e+00
-1.187148155188348264e+00
-1.160450714912482084e+00
-1.107055834360749946e+00
-9.913669264986634255e-01
-9.557703394641753336e-01
-9.468711927055533106e-01
-9.379720459469311766e-01
-9.290728991883091537e-01
-9.201737524296871307e-01
-9.112746056710651077e-01
-9.023754589124430847e-01
-8.845771653951990388e-01
-8.578797251193328588e-01
-8.311822848434667899e-01
-8.044848445676007209e-01
-7.688882575331125180e-01
-7.421908172572464490e-01
-7.065942302227582461e-01
-6.620984964296481312e-01
-6.087036158779158823e-01
-5.464095885675616104e-01
-4.930147080158294171e-01
-4.218215339468531222e-01
-2.794351858089005325e-01
-7.475481036059368478e-02
2.812110599842877479e-01
6.727735173636573140e-01
1.153327442329247221e+00
1.705074541363813534e+00
2.301317374191489851e+00
2.915358500536410435e+00
3.556097067157196978e+00
4.143440753226251161e+00
4.517204917088377236e+00
4.552801504122864884e+00
4.339221981915936333e+00
3.529399626881331020e+00
2.256821640398379625e+00
6.994709576395233830e-01
-7.777874042917345410e-01
-1.836785868567756941e+00
-2.237247472705748308e+00
-2.255045766222992576e+00
-1.970273069947087397e+00
-1.569811465809095807e+00
-1.471920851464253444e+00
-1.463021704705631310e+00
-1.445223411188387264e+00
-1.525315732015985581e+00
-1.605408052843583899e+00
-1.658802933395316259e+00
-1.694399520429804351e+00
-1.649903786636694125e+00
-1.552013172291851761e+00
-1.409626824153899172e+00
-1.213845595464214444e+00
-1.062560100567639720e+00
-9.557703394641753336e-01
-8.845771653951990388e-01
-8.489805783607108358e-01
-8.311822848434667899e-01
-8.133839913262227439e-01
-7.955856978089786979e-01
-7.777874042917345410e-01
-7.688882575331125180e-01
-7.510899640158684720e-01
-7.421908172572464490e-01
-7.243925237400024031e-01
-7.065942302227582461e-01
-6.976950834641362231e-01
-6.798967899468921772e-01
-6.709976431882701542e-01
-6.620984964296481312e-01
-6.531993496710261082e-01
-6.531993496710261082e-01
-6.443002029124040853e-01
-6.354010561537819513e-01
-6.265019093951599283e-01
-6.087036158779158823e-01
-5.909053223606718364e-01
-5.731070288434277904e-01
-5.553087353261836334e-01
-5.286112950503175645e-01
-5.108130015330735185e-01
-4.930147080158294171e-01
-4.663172677399632926e-01
-4.485189742227192466e-01
-4.218215339468531222e-01
-4.040232404296090762e-01
-3.773258001537429518e-01
-3.506283598778768273e-01
-3.061326260847666569e-01
-2.616368922916564310e-01
-2.171411584985462606e-01
-1.815445714640581132e-01
-1.459479844295699658e-01
-1.103513973950818322e-01
-7.475481036059368478e-02
-2.135992980886147058e-02
3.203495074287075056e-02
9.432897805322500162e-02
1.566230053635792596e-01
2.100178859153114808e-01
2.723119132256657249e-01
3.346059405360199412e-01
3.880008210877521901e-01
4.413957016394843835e-01
4.947905821912165769e-01
5.570846095015709043e-01
6.282777835705470881e-01
7.172692511567675400e-01
8.240590122602319267e-01
9.041513330878302446e-01
9.842436539154285624e-01
1.046537681225782945e+00
1.091033415018892949e+00
1.135529148812003175e+00
1.171125735846491267e+00
1.206722322880979581e+00
1.242318909915467673e+00
1.277915496949955765e+00
1.313512083984443857e+00
1.349108671018932171e+00
1.384705258053420263e+00
1.420301845087908355e+00
1.473696725639640492e+00
1.491495019156884538e+00
1.464797578881018580e+00
1.393604404812042175e+00
1.322411230743065991e+00
1.251218056674089585e+00
1.180024882605113401e+00
1.091033415018892949e+00
9.575462136395624935e-01
7.795632784671217008e-01
6.727735173636573140e-01
6.193786368119250652e-01
5.748829030188149503e-01
5.214880224670827014e-01
4.591939951567284295e-01
4.146982613636182591e-01
3.791016743291301117e-01
3.435050872946419642e-01
3.168076470187758953e-01
2.990093535015317938e-01
2.723119132256657249e-01
2.634127664670437019e-01
2.545136197084216789e-01
2.545136197084216789e-01
2.634127664670437019e-01
2.723119132256657249e-01
2.723119132256657249e-01
2.812110599842877479e-01
2.901102067429097708e-01
3.168076470187758953e-01
3.524042340532640427e-01
2.634127664670437019e-01
1.744212988808233333e-01
1.210264183290911122e-01
7.653068453598092791e-02
3.203495074287075056e-02
-3.561636291617397299e-03
-3.025907656748350744e-02
-6.585566360197164792e-02
-1.103513973950818322e-01
-1.370488376709479428e-01
-1.103513973950818322e-01
-4.805737008472758115e-02
-3.561636291617397299e-03
3.203495074287075056e-02
6.763153777735889105e-02
9.432897805322500162e-02
1.210264183290911122e-01
1.477238586049572089e-01
1.833204456394453563e-01
2.100178859153114808e-01
2.456144729497996282e-01
2.901102067429097708e-01
3.524042340532640427e-01
4.057991146049962361e-01
4.502948483981064065e-01
4.858914354325945539e-01
5.125888757084606784e-01
5.303871692257047243e-01
5.481854627429487703e-01
5.659837562601929273e-01
5.748829030188149503e-01
5.837820497774369732e-01
5.926811965360589962e-01
5.926811965360589962e-01
5.837820497774369732e-01
5.748829030188149503e-01
5.659837562601929273e-01
5.481854627429487703e-01
5.303871692257047243e-01
5.036897289498386554e-01
4.858914354325945539e-01
4.591939951567284295e-01
4.413957016394843835e-01
4.235974081222402821e-01
3.968999678463742131e-01
3.702025275705080887e-01
3.435050872946419642e-01
3.168076470187758953e-01
2.901102067429097708e-01
2.634127664670437019e-01
2.367153261911775775e-01
2.100178859153114808e-01
1.833204456394453563e-01
1.477238586049572089e-01
1.210264183290911122e-01
8.542983129460296476e-02
4.983324426011481734e-02
5.337510467004639124e-03
-3.025907656748350744e-02
-5.695651684334961107e-02
-6.585566360197164792e-02
-7.475481036059368478e-02
-8.365395711921572164e-02
-9.255310387783775850e-02
-1.014522506364597954e-01
-1.014522506364597954e-01
-1.103513973950818322e-01
-1.103513973950818322e-01
-1.192505441537038691e-01
-1.281496909123258920e-01
-1.370488376709479428e-01
-1.459479844295699658e-01
-1.637462779468140395e-01
-1.815445714640581132e-01
-1.993428649813021869e-01
-2.260403052571683113e-01
-2.438385987744123851e-01
-2.527377455330344080e-01
-2.616368922916564310e-01
-2.705360390502785095e-01
-2.794351858089005325e-01
-2.883343325675226110e-01
-2.972334793261446340e-01
-3.061326260847666569e-01
-3.239309196020107584e-01
-3.328300663606327814e-01
-3.417292131192548044e-01
-3.417292131192548044e-01
-3.417292131192548044e-01
-3.506283598778768273e-01
-3.506283598778768273e-01
-3.595275066364988503e-01
-3.595275066364988503e-01
-3.684266533951209288e-01
-3.684266533951209288e-01
-3.684266533951209288e-01
-3.773258001537429518e-01
-3.862249469123649748e-01
-3.951240936709869978e-01
-4.040232404296090762e-01
-4.129223871882310992e-01
-4.218215339468531222e-01
-4.307206807054751452e-01
-4.396198274640972237e-01
-4.485189742227192466e-01
-4.663172677399632926e-01
-4.841155612572073941e-01
-5.197121482916955415e-01
-5.642078820848056564e-01
-5.909053223606718364e-01
-5.731070288434277904e-01
-5.375104418089395875e-01
-4.930147080158294171e-01
-4.574181209813412696e-01
-4.218215339468531222e-01
-3.862249469123649748e-01
-3.595275066364988503e-01
-3.328300663606327814e-01
-3.061326260847666569e-01
-2.883343325675226110e-01
-2.527377455330344080e-01
-1.904437182226801639e-01
-7.475481036059368478e-02
6.763153777735889105e-02
2.278161794325555545e-01
4.769922886739725310e-01
8.151598655016099038e-01
1.242318909915467673e+00
1.713973688122435446e+00
2.256821640398379625e+00
2.844165326467434252e+00
3.458206452812354836e+00
4.072247579157274977e+00
4.632893824950463646e+00
4.988859695295345453e+00
4.997758842053967143e+00
4.623994678191841956e+00
3.573895360674441246e+00
2.069939558467317031e+00
3.613033808118860657e-01
-1.142652421395238038e+00
-2.094861124567795940e+00
-2.299541500016102802e+00
-2.272844059740236844e+00
-1.934676482912599305e+00
-1.623206346360827945e+00
-1.436324264429765352e+00
-1.391828530636655126e+00
-1.365131090360788946e+00
-1.347332796843544900e+00
-1.320635356567678720e+00
-1.285038769533190628e+00
-1.258341329257324448e+00
-1.222744742222836356e+00
-1.187148155188348264e+00
-1.142652421395238038e+00
-1.089257540843505900e+00
-1.026963513533151628e+00
-9.824677797400414025e-01
-9.468711927055533106e-01
-9.112746056710651077e-01
-8.578797251193328588e-01
-8.044848445676007209e-01
-7.510899640158684720e-01
-7.154933769813802691e-01
-6.887959367055142001e-01
-6.798967899468921772e-01
-6.709976431882701542e-01
-6.620984964296481312e-01
-6.620984964296481312e-01
-6.531993496710261082e-01
-6.531993496710261082e-01
-6.443002029124040853e-01
-6.354010561537819513e-01
-6.354010561537819513e-01
-6.354010561537819513e-01
-6.354010561537819513e-01
-6.443002029124040853e-01
-6.531993496710261082e-01
-6.709976431882701542e-01
-6.887959367055142001e-01
-7.065942302227582461e-01
-7.243925237400024031e-01
-7.510899640158684720e-01
-7.688882575331125180e-01
-7.866865510503565639e-01
-8.044848445676007209e-01
-8.133839913262227439e-01
-8.400814316020888128e-01
-8.578797251193328588e-01
-8.756780186365770158e-01
-8.756780186365770158e-01
-8.756780186365770158e-01
-8.667788718779549928e-01
-8.578797251193328588e-01
-8.489805783607108358e-01
-8.311822848434667899e-01
-8.044848445676007209e-01
-7.688882575331125180e-01
-7.243925237400024031e-01
-6.265019093951599283e-01
-5.197121482916955415e-01
-4.396198274640972237e-01
-3.951240936709869978e-01
-3.506283598778768273e-01
-3.061326260847666569e-01
-2.527377455330344080e-01
-1.993428649813021869e-01
-1.459479844295699658e-01
-8.365395711921572164e-02
1.423665722562667511e-02
8.542983129460296476e-02
1.388247118463351859e-01
2.100178859153114808e-01
2.901102067429097708e-01
3.880008210877521901e-01
4.591939951567284295e-01
4.947905821912165769e-01
5.303871692257047243e-01
5.748829030188149503e-01
6.193786368119250652e-01
6.638743706050352911e-01
7.083701043981455170e-01
7.439666914326336089e-01
7.795632784671217008e-01
8.151598655016099038e-01
8.418573057774759727e-01
8.596555992947201297e-01
8.596555992947201297e-01
8.507564525360979957e-01
8.240590122602319267e-01
7.884624252257438348e-01
7.528658381912556319e-01
7.083701043981455170e-01
6.460760770877912451e-01
5.214880224670827014e-01
3.968999678463742131e-01
3.257067937773979183e-01
2.901102067429097708e-01
2.634127664670437019e-01
2.367153261911775775e-01
2.189170326739335037e-01
1.922195923980674070e-01
1.744212988808233333e-01
1.477238586049572089e-01
1.210264183290911122e-01
1.032281248118470385e-01
8.542983129460296476e-02
6.763153777735889105e-02
4.983324426011481734e-02
3.203495074287075056e-02
-3.561636291617397299e-03
-6.585566360197164792e-02
-1.103513973950818322e-01
-1.370488376709479428e-01
-1.548471311881920165e-01
-1.726454247054360902e-01
-1.904437182226801639e-01
-2.082420117399242376e-01
-2.349394520157903343e-01
-2.616368922916564310e-01
-3.061326260847666569e-01
-3.417292131192548044e-01
-3.773258001537429518e-01
-4.040232404296090762e-01
-4.307206807054751452e-01
-4.574181209813412696e-01
-4.841155612572073941e-01
-4.930147080158294171e-01
-4.841155612572073941e-01
-4.663172677399632926e-01
-4.307206807054751452e-01
-3.951240936709869978e-01
-3.506283598778768273e-01
-3.061326260847666569e-01
-2.349394520157903343e-01
-1.548471311881920165e-01
-8.365395711921572164e-02
-2.135992980886147058e-02
3.203495074287075056e-02
7.653068453598092791e-02
1.121272715704690753e-01
1.210264183290911122e-01
1.299255650877131352e-01
1.299255650877131352e-01
1.210264183290911122e-01
1.121272715704690753e-01
9.432897805322500162e-02
8.542983129460296476e-02
7.653068453598092791e-02
8.542983129460296476e-02
9.432897805322500162e-02
9.432897805322500162e-02
9.432897805322500162e-02
9.432897805322500162e-02
1.032281248118470385e-01
1.032281248118470385e-01
1.121272715704690753e-01
1.121272715704690753e-01
1.210264183290911122e-01
1.210264183290911122e-01
1.210264183290911122e-01
1.210264183290911122e-01
1.121272715704690753e-01
1.121272715704690753e-01
1.032281248118470385e-01
1.032281248118470385e-01
9.432897805322500162e-02
8.542983129460296476e-02
7.653068453598092791e-02
6.763153777735889105e-02
6.763153777735889105e-02
5.873239101873685419e-02
4.983324426011481734e-02
4.093409750149278048e-02
3.203495074287075056e-02
2.313580398424871024e-02
1.423665722562667511e-02
5.337510467004639124e-03
-3.561636291617397299e-03
-1.246078305023943372e-02
-2.135992980886147058e-02
-3.025907656748350744e-02
-3.915822332610554429e-02
-4.805737008472758115e-02
-5.695651684334961107e-02
-7.475481036059368478e-02
-8.365395711921572164e-02
-8.365395711921572164e-02
-7.475481036059368478e-02
-6.585566360197164792e-02
-4.805737008472758115e-02
-3.025907656748350744e-02
-1.246078305023943372e-02
-3.561636291617397299e-03
1.423665722562667511e-02
2.313580398424871024e-02
4.093409750149278048e-02
5.873239101873685419e-02
6.763153777735889105e-02
8.542983129460296476e-02
1.032281248118470385e-01
1.121272715704690753e-01
1.210264183290911122e-01
1.388247118463351859e-01
1.477238586049572089e-01
1.566230053635792596e-01
1.566230053635792596e-01
1.655221521222012826e-01
1.744212988808233333e-01
1.744212988808233333e-01
1.833204456394453563e-01
1.922195923980674070e-01
2.011187391566894300e-01
2.100178859153114808e-01
2.189170326739335037e-01
2.278161794325555545e-01
2.367153261911775775e-01
2.456144729497996282e-01
2.456144729497996282e-01
2.367153261911775775e-01
2.278161794325555545e-01
2.189170326739335037e-01
2.100178859153114808e-01
2.011187391566894300e-01
2.011187391566894300e-01
1.922195923980674070e-01
1.833204456394453563e-01
1.744212988808233333e-01
1.655221521222012826e-01
1.655221521222012826e-01
1.566230053635792596e-01
1.477238586049572089e-01
1.299255650877131352e-01
1.210264183290911122e-01
1.121272715704690753e-01
1.121272715704690753e-01
1.121272715704690753e-01
1.210264183290911122e-01
1.388247118463351859e-01
1.566230053635792596e-01
1.833204456394453563e-01
2.011187391566894300e-01
2.367153261911775775e-01
2.634127664670437019e-01
2.634127664670437019e-01
2.278161794325555545e-01
1.744212988808233333e-01
1.210264183290911122e-01
6.763153777735889105e-02
-3.561636291617397299e-03
-8.365395711921572164e-02
-1.548471311881920165e-01
-2.082420117399242376e-01
-2.527377455330344080e-01
-2.972334793261446340e-01
-3.328300663606327814e-01
-3.595275066364988503e-01
-3.862249469123649748e-01
-4.040232404296090762e-01
-4.218215339468531222e-01
-4.307206807054751452e-01
-4.485189742227192466e-01
-4.663172677399632926e-01
-4.752164144985853711e-01
-4.841155612572073941e-01
-4.841155612572073941e-01
-4.930147080158294171e-01
-5.019138547744514955e-01
-5.108130015330735185e-01
-5.286112950503175645e-01
-5.375104418089395875e-01
-5.553087353261836334e-01
-5.553087353261836334e-01
-5.642078820848056564e-01
-5.642078820848056564e-01
-5.642078820848056564e-01
-5.553087353261836334e-01
-5.375104418089395875e-01
-5.197121482916955415e-01
-4.930147080158294171e-01
-4.663172677399632926e-01
-4.396198274640972237e-01
-4.129223871882310992e-01
-3.862249469123649748e-01
-3.595275066364988503e-01
-3.328300663606327814e-01
-3.061326260847666569e-01
-2.705360390502785095e-01
-2.349394520157903343e-01
-1.993428649813021869e-01
-1.815445714640581132e-01
-1.637462779468140395e-01
-1.548471311881920165e-01
-1.281496909123258920e-01
-1.014522506364597954e-01
1.423665722562667511e-02
2.812110599842877479e-01
6.549752238464132681e-01
1.144428295570625309e+00
1.722872834881057580e+00
2.434804575570820528e+00
3.209030343570937749e+00
3.965457818053810701e+00
4.615095531433220266e+00
5.024456282329833101e+00
5.166842630467786357e+00
4.997758842053967143e+00
4.463810036536644432e+00
3.342517544950267983e+00
1.865259183019010170e+00
2.545136197084216789e-01
-1.053660953809017808e+00
-1.685500373671182217e+00
-1.907979042636733125e+00
-1.738895254222914577e+00
-1.614307199602206033e+00
-1.552013172291851761e+00
-1.507517438498741535e+00
-1.480819998222875356e+00
-1.445223411188387264e+00
-1.409626824153899172e+00
-1.382929383878032992e+00
-1.356231943602167034e+00
-1.338433650084922766e+00
-1.320635356567678720e+00
-1.276139622774568494e+00
-1.178249008429726130e+00
-9.913669264986634255e-01
-8.489805783607108358e-01
-7.599891107744904950e-01
-6.887959367055142001e-01
-6.443002029124040853e-01
-6.087036158779158823e-01
-5.820061756020498134e-01
-5.553087353261836334e-01
-5.197121482916955415e-01
-4.841155612572073941e-01
-4.574181209813412696e-01
-4.218215339468531222e-01
-3.862249469123649748e-01
-3.417292131192548044e-01
-3.061326260847666569e-01
-3.061326260847666569e-01
-3.684266533951209288e-01
-4.396198274640972237e-01
-4.663172677399632926e-01
-4.930147080158294171e-01
-5.108130015330735185e-01
-5.286112950503175645e-01
-5.553087353261836334e-01
-5.731070288434277904e-01
-5.998044691192938593e-01
-6.265019093951599283e-01
-6.443002029124040853e-01
-6.709976431882701542e-01
-6.887959367055142001e-01
-7.065942302227582461e-01
-7.243925237400024031e-01
-7.421908172572464490e-01
-7.688882575331125180e-01
-7.955856978089786979e-01
-8.489805783607108358e-01
-9.112746056710651077e-01
-9.735686329814193796e-01
-1.035862660291773540e+00
-1.080358394084883766e+00
-1.115954981119371858e+00
-1.151551568153860172e+00
-1.187148155188348264e+00
-1.213845595464214444e+00
-1.222744742222836356e+00
-1.231643888981458490e+00
-1.231643888981458490e+00
-1.213845595464214444e+00
-1.187148155188348264e+00
-1.160450714912482084e+00
-1.115954981119371858e+00
-1.062560100567639720e+00
-9.824677797400414025e-01
-8.400814316020888128e-01
-7.332916704986244261e-01
-6.265019093951599283e-01
-5.286112950503175645e-01
-4.218215339468531222e-01
-3.417292131192548044e-01
-2.794351858089005325e-01
-2.082420117399242376e-01
-1.459479844295699658e-01
-8.365395711921572164e-02
5.337510467004639124e-03
1.121272715704690753e-01
2.278161794325555545e-01
3.791016743291301117e-01
5.570846095015709043e-01
6.282777835705470881e-01
6.638743706050352911e-01
6.905718108809013600e-01
7.083701043981455170e-01
7.261683979153895629e-01
7.350675446740115859e-01
7.350675446740115859e-01
7.350675446740115859e-01
7.261683979153895629e-01
7.083701043981455170e-01
6.816726641222793370e-01
6.549752238464132681e-01
6.193786368119250652e-01
5.748829030188149503e-01
5.214880224670827014e-01
4.502948483981064065e-01
3.702025275705080887e-01
2.723119132256657249e-01
1.477238586049572089e-01
-1.246078305023943372e-02
-1.548471311881920165e-01
-2.171411584985462606e-01
-2.616368922916564310e-01
-2.972334793261446340e-01
-3.328300663606327814e-01
-3.595275066364988503e-01
-3.862249469123649748e-01
-4.040232404296090762e-01
-4.218215339468531222e-01
-4.307206807054751452e-01
-4.307206807054751452e-01
-4.307206807054751452e-01
-4.218215339468531222e-01
-4.040232404296090762e-01
-3.951240936709869978e-01
-3.684266533951209288e-01
-3.417292131192548044e-01
-3.239309196020107584e-01
-2.972334793261446340e-01
-2.705360390502785095e-01
-2.527377455330344080e-01
-2.438385987744123851e-01
-2.260403052571683113e-01
-2.082420117399242376e-01
-1.904437182226801639e-01
-1.637462779468140395e-01
-1.459479844295699658e-01
-1.281496909123258920e-01
-1.103513973950818322e-01
-9.255310387783775850e-02
-7.475481036059368478e-02
-5.695651684334961107e-02
-4.805737008472758115e-02
-3.915822332610554429e-02
-3.025907656748350744e-02
-2.135992980886147058e-02
-1.246078305023943372e-02
-3.561636291617397299e-03
5.337510467004639124e-03
1.423665722562667511e-02
2.313580398424871024e-02
3.203495074287075056e-02
3.203495074287075056e-02
3.203495074287075056e-02
3.203495074287075056e-02
3.203495074287075056e-02
4.093409750149278048e-02
4.093409750149278048e-02
4.093409750149278048e-02
4.093409750149278048e-02
4.983324426011481734e-02
6.763153777735889105e-02
8.542983129460296476e-02
9.432897805322500162e-02
1.032281248118470385e-01
1.032281248118470385e-01
1.121272715704690753e-01
1.121272715704690753e-01
1.121272715704690753e-01
1.121272715704690753e-01
1.210264183290911122e-01
1.210264183290911122e-01
1.121272715704690753e-01
1.210264183290911122e-01
1.388247118463351859e-01
1.566230053635792596e-01
1.121272715704690753e-01
1.423665722562667511e-02
-4.805737008472758115e-02
-1.014522506364597954e-01
-1.370488376709479428e-01
-1.726454247054360902e-01
-1.904437182226801639e-01
-1.993428649813021869e-01
-2.171411584985462606e-01
-2.260403052571683113e-01
-2.349394520157903343e-01
-2.438385987744123851e-01
-2.527377455330344080e-01
-2.616368922916564310e-01
-2.794351858089005325e-01
-2.883343325675226110e-01
-2.972334793261446340e-01
-3.150317728433886799e-01
-3.328300663606327814e-01
-3.417292131192548044e-01
-3.595275066364988503e-01
-3.595275066364988503e-01
-3.684266533951209288e-01
-3.773258001537429518e-01
-3.862249469123649748e-01
-3.862249469123649748e-01
-4.040232404296090762e-01
-4.129223871882310992e-01
-4.218215339468531222e-01
-4.396198274640972237e-01
-4.574181209813412696e-01
-4.841155612572073941e-01
-5.019138547744514955e-01
-5.197121482916955415e-01
-5.375104418089395875e-01
-5.464095885675616104e-01
-5.553087353261836334e-01
-5.642078820848056564e-01
-5.642078820848056564e-01
-5.642078820848056564e-01
-5.642078820848056564e-01
-5.642078820848056564e-01
-5.642078820848056564e-01
-5.731070288434277904e-01
-5.820061756020498134e-01
-5.998044691192938593e-01
-6.087036158779158823e-01
-6.176027626365379053e-01
-6.176027626365379053e-01
-6.087036158779158823e-01
-5.820061756020498134e-01
-5.464095885675616104e-01
-5.197121482916955415e-01
-5.019138547744514955e-01
-4.841155612572073941e-01
-4.663172677399632926e-01
-4.574181209813412696e-01
-4.396198274640972237e-01
-4.218215339468531222e-01
-4.040232404296090762e-01
-3.862249469123649748e-01
-3.684266533951209288e-01
-3.595275066364988503e-01
-3.506283598778768273e-01
-3.417292131192548044e-01
-3.328300663606327814e-01
-3.239309196020107584e-01
-3.150317728433886799e-01
-3.061326260847666569e-01
-2.794351858089005325e-01
-2.082420117399242376e-01
-3.915822332610554429e-02
1.655221521222012826e-01
3.791016743291301117e-01
7.528658381912556319e-01
1.144428295570625309e+00
1.607183927018971170e+00
2.150031879294915349e+00
2.799669592674324026e+00
3.520500480122708886e+00
4.294726248122826107e+00
5.051153722605699947e+00
5.576203381364400080e+00
5.763085463295462674e+00
5.585102528123021770e+00
4.997758842053967143e+00
3.734080002329637882e+00
2.158931026053537483e+00
6.549752238464132681e-01
-4.485189742227192466e-01
-9.201737524296871307e-01
-1.089257540843505900e+00
-9.201737524296871307e-01
-8.133839913262227439e-01
-7.599891107744904950e-01
-7.243925237400024031e-01
-6.976950834641362231e-01
-6.709976431882701542e-01
-6.354010561537819513e-01
-6.087036158779158823e-01
-5.820061756020498134e-01
-5.553087353261836334e-01
-5.197121482916955415e-01
-4.930147080158294171e-01
-4.663172677399632926e-01
-4.485189742227192466e-01
-4.396198274640972237e-01
-4.218215339468531222e-01
-3.951240936709869978e-01
-3.595275066364988503e-01
-3.239309196020107584e-01
-2.883343325675226110e-01
-2.438385987744123851e-01
-2.082420117399242376e-01
-1.726454247054360902e-01
-1.459479844295699658e-01
-1.192505441537038691e-01
-1.014522506364597954e-01
-8.365395711921572164e-02
-7.475481036059368478e-02
-6.585566360197164792e-02
-6.585566360197164792e-02
-5.695651684334961107e-02
-5.695651684334961107e-02
-5.695651684334961107e-02
-4.805737008472758115e-02
-4.805737008472758115e-02
-3.915822332610554429e-02
-3.915822332610554429e-02
-3.915822332610554429e-02
-3.025907656748350744e-02
-3.025907656748350744e-02
-3.025907656748350744e-02
-2.135992980886147058e-02
-2.135992980886147058e-02
-1.246078305023943372e-02
-1.246078305023943372e-02
-1.246078305023943372e-02
-3.561636291617397299e-03
5.337510467004639124e-03
1.423665722562667511e-02
1.423665722562667511e-02
2.313580398424871024e-02
3.203495074287075056e-02
4.093409750149278048e-02
6.763153777735889105e-02
8.542983129460296476e-02
1.121272715704690753e-01
1.388247118463351859e-01
1.655221521222012826e-01
2.011187391566894300e-01
2.278161794325555545e-01
2.634127664670437019e-01
2.990093535015317938e-01
3.346059405360199412e-01
3.791016743291301117e-01
4.413957016394843835e-01
5.481854627429487703e-01
6.460760770877912451e-01
7.350675446740115859e-01
8.151598655016099038e-01
9.041513330878302446e-01
9.931428006740505854e-01
1.073235121501648903e+00
1.144428295570625309e+00
1.215621469639601493e+00
1.269016350191333853e+00
1.304612937225821945e+00
1.331310377501687903e+00
1.358007817777554083e+00
1.384705258053420263e+00
1.420301845087908355e+00
1.446999285363774534e+00
1.446999285363774534e+00
1.402503551570664309e+00
1.340209524260310037e+00
1.224520616398223627e+00
1.073235121501648903e+00
9.397479201223184475e-01
7.795632784671217008e-01
6.371769303291692221e-01
5.214880224670827014e-01
3.968999678463742131e-01
2.901102067429097708e-01
2.189170326739335037e-01
1.655221521222012826e-01
1.299255650877131352e-01
1.032281248118470385e-01
8.542983129460296476e-02
7.653068453598092791e-02
6.763153777735889105e-02
5.873239101873685419e-02
4.983324426011481734e-02
4.093409750149278048e-02
3.203495074287075056e-02
2.313580398424871024e-02
5.337510467004639124e-03
-3.561636291617397299e-03
-1.246078305023943372e-02
-2.135992980886147058e-02
-3.025907656748350744e-02
-3.915822332610554429e-02
-4.805737008472758115e-02
-5.695651684334961107e-02
-5.695651684334961107e-02
-5.695651684334961107e-02
-5.695651684334961107e-02
-6.585566360197164792e-02
-6.585566360197164792e-02
-7.475481036059368478e-02
-7.475481036059368478e-02
-8.365395711921572164e-02
-8.365395711921572164e-02
-9.255310387783775850e-02
-1.014522506364597954e-01
-1.014522506364597954e-01
-1.103513973950818322e-01
-1.103513973950818322e-01
-1.103513973950818322e-01
-1.014522506364597954e-01
-1.014522506364597954e-01
-9.255310387783775850e-02
-9.255310387783775850e-02
-8.365395711921572164e-02
-7.475481036059368478e-02
-6.585566360197164792e-02
-6.585566360197164792e-02
-5.695651684334961107e-02
-5.695651684334961107e-02
-6.585566360197164792e-02
-6.585566360197164792e-02
-7.475481036059368478e-02
-8.365395711921572164e-02
-9.255310387783775850e-02
-9.255310387783775850e-02
-1.014522506364597954e-01
-1.014522506364597954e-01
-1.014522506364597954e-01
-1.014522506364597954e-01
-1.014522506364597954e-01
-1.014522506364597954e-01
-1.103513973950818322e-01
-1.103513973950818322e-01
-1.103513973950818322e-01
-1.192505441537038691e-01
-1.370488376709479428e-01
-1.548471311881920165e-01
-1.726454247054360902e-01
-1.904437182226801639e-01
-2.082420117399242376e-01
-2.260403052571683113e-01
-2.438385987744123851e-01
-2.616368922916564310e-01
-3.061326260847666569e-01
-3.506283598778768273e-01
-3.773258001537429518e-01
-3.951240936709869978e-01
-4.129223871882310992e-01
-4.307206807054751452e-01
-4.485189742227192466e-01
-4.663172677399632926e-01
-4.841155612572073941e-01
-4.930147080158294171e-01
-4.930147080158294171e-01
-4.752164144985853711e-01
-4.485189742227192466e-01
-4.218215339468531222e-01
-3.951240936709869978e-01
-3.506283598778768273e-01
-3.061326260847666569e-01
-2.972334793261446340e-01
-3.239309196020107584e-01
-3.506283598778768273e-01
-3.684266533951209288e-01
-3.862249469123649748e-01
-4.040232404296090762e-01
-4.218215339468531222e-01
-4.396198274640972237e-01
-4.574181209813412696e-01
-4.663172677399632926e-01
-4.841155612572073941e-01
-4.930147080158294171e-01
-4.930147080158294171e-01
-5.019138547744514955e-01
-5.019138547744514955e-01
-5.019138547744514955e-01
-5.019138547744514955e-01
-5.019138547744514955e-01
-5.286112950503175645e-01
-5.375104418089395875e-01
-4.930147080158294171e-01
-4.218215339468531222e-01
-3.773258001537429518e-01
-3.417292131192548044e-01
-3.150317728433886799e-01
-2.883343325675226110e-01
-2.794351858089005325e-01
-2.794351858089005325e-01
-2.972334793261446340e-01
-3.150317728433886799e-01
-3.417292131192548044e-01
-3.684266533951209288e-01
-3.862249469123649748e-01
-4.129223871882310992e-01
-4.396198274640972237e-01
-4.663172677399632926e-01
-4.841155612572073941e-01
-5.019138547744514955e-01
-5.019138547744514955e-01
-4.930147080158294171e-01
-4.752164144985853711e-01
-4.663172677399632926e-01
-4.396198274640972237e-01
-4.218215339468531222e-01
-4.040232404296090762e-01
-3.862249469123649748e-01
-3.684266533951209288e-01
-3.417292131192548044e-01
-3.150317728433886799e-01
-2.883343325675226110e-01
-2.527377455330344080e-01
-2.082420117399242376e-01
-1.459479844295699658e-01
-3.025907656748350744e-02
1.922195923980674070e-01
5.926811965360589962e-01
1.117730855294759129e+00
1.740671128398301626e+00
2.452602869088064352e+00
3.173433756536449657e+00
3.840869763433102158e+00
4.348121128674558022e+00
4.517204917088377236e+00
4.410415155984912516e+00
4.054449285640030709e+00
3.191232050053693481e+00
1.998746384398340625e+00
6.905718108809013600e-01
-4.396198274640972237e-01
-1.258341329257324448e+00
-1.614307199602206033e+00
-1.632105493119450079e+00
-1.382929383878032992e+00
-1.133753274636616126e+00
-1.044761807050395674e+00
-1.018064366774529494e+00
-1.053660953809017808e+00
-1.124854127877993992e+00
-1.178249008429726130e+00
-1.222744742222836356e+00
-1.267240476015946582e+00
-1.285038769533190628e+00
-1.258341329257324448e+00
-1.213845595464214444e+00
-1.142652421395238038e+00
-1.080358394084883766e+00
-9.913669264986634255e-01
-9.201737524296871307e-01
-8.667788718779549928e-01
-8.311822848434667899e-01
-8.044848445676007209e-01
-7.777874042917345410e-01
-7.599891107744904950e-01
-7.421908172572464490e-01
-7.154933769813802691e-01
-6.887959367055142001e-01
-6.620984964296481312e-01
-6.354010561537819513e-01
-5.998044691192938593e-01
-5.642078820848056564e-01
-5.197121482916955415e-01
-4.752164144985853711e-01
-4.218215339468531222e-01
-3.684266533951209288e-01
-3.328300663606327814e-01
-2.972334793261446340e-01
-2.616368922916564310e-01
-2.349394520157903343e-01
-2.082420117399242376e-01
-1.904437182226801639e-01
-1.726454247054360902e-01
-1.459479844295699658e-01
-1.281496909123258920e-01
-1.103513973950818322e-01
-1.014522506364597954e-01
-7.475481036059368478e-02
-5.695651684334961107e-02
-3.025907656748350744e-02
-3.561636291617397299e-03
1.423665722562667511e-02
4.093409750149278048e-02
6.763153777735889105e-02
8.542983129460296476e-02
1.121272715704690753e-01
1.388247118463351859e-01
1.566230053635792596e-01
1.744212988808233333e-01
2.011187391566894300e-01
2.189170326739335037e-01
2.278161794325555545e-01
2.456144729497996282e-01
2.634127664670437019e-01
2.901102067429097708e-01
3.257067937773979183e-01
3.880008210877521901e-01
4.591939951567284295e-01
5.303871692257047243e-01
6.193786368119250652e-01
7.261683979153895629e-01
8.240590122602319267e-01
9.041513330878302446e-01
9.753445071568065394e-01
1.055436827984404857e+00
1.135529148812003175e+00
1.197823176122357447e+00
1.242318909915467673e+00
1.286814643708577899e+00
1.331310377501687903e+00
1.366906964536176217e+00
1.402503551570664309e+00
1.429200991846530489e+00
1.455898432122396446e+00
1.491495019156884538e+00
1.527091606191372852e+00
1.544889899708616898e+00
1.553789046467238810e+00
1.544889899708616898e+00
1.509293312674128806e+00
1.473696725639640492e+00
1.429200991846530489e+00
1.340209524260310037e+00
1.206722322880979581e+00
1.117730855294759129e+00
1.064335974743026991e+00
1.010941094191294631e+00
9.397479201223184475e-01
8.952521863292082216e-01
8.596555992947201297e-01
8.151598655016099038e-01
7.795632784671217008e-01
7.528658381912556319e-01
7.261683979153895629e-01
7.083701043981455170e-01
6.460760770877912451e-01
5.481854627429487703e-01
4.591939951567284295e-01
4.057991146049962361e-01
3.702025275705080887e-01
3.524042340532640427e-01
3.435050872946419642e-01
3.346059405360199412e-01
3.257067937773979183e-01
3.168076470187758953e-01
3.079085002601538168e-01
2.901102067429097708e-01
2.812110599842877479e-01
2.634127664670437019e-01
2.456144729497996282e-01
2.189170326739335037e-01
1.922195923980674070e-01
1.566230053635792596e-01
1.121272715704690753e-01
3.203495074287075056e-02
-1.246078305023943372e-02
-3.915822332610554429e-02
-4.805737008472758115e-02
-6.585566360197164792e-02
-8.365395711921572164e-02
-9.255310387783775850e-02
-1.014522506364597954e-01
-1.014522506364597954e-01
-9.255310387783775850e-02
-7.475481036059368478e-02
-4.805737008472758115e-02
-1.246078305023943372e-02
2.313580398424871024e-02
5.873239101873685419e-02
1.121272715704690753e-01
1.566230053635792596e-01
1.922195923980674070e-01
2.189170326739335037e-01
2.367153261911775775e-01
2.634127664670437019e-01
2.990093535015317938e-01
3.168076470187758953e-01
2.812110599842877479e-01
2.011187391566894300e-01
1.388247118463351859e-01
7.653068453598092791e-02
2.313580398424871024e-02
-2.135992980886147058e-02
-4.805737008472758115e-02
-6.585566360197164792e-02
-7.475481036059368478e-02
-9.255310387783775850e-02
-1.014522506364597954e-01
-1.014522506364597954e-01
-1.103513973950818322e-01
-1.103513973950818322e-01
-1.103513973950818322e-01
-1.103513973950818322e-01
-1.192505441537038691e-01
-1.281496909123258920e-01
-1.370488376709479428e-01
-1.459479844295699658e-01
-1.459479844295699658e-01
-1.548471311881920165e-01
-1.637462779468140395e-01
-1.726454247054360902e-01
-1.815445714640581132e-01
-1.904437182226801639e-01
-2.082420117399242376e-01
-2.349394520157903343e-01
-2.527377455330344080e-01
-2.794351858089005325e-01
-3.417292131192548044e-01
-3.951240936709869978e-01
-4.218215339468531222e-01
-4.307206807054751452e-01
-4.485189742227192466e-01
-4.663172677399632926e-01
-4.841155612572073941e-01
-4.930147080158294171e-01
-4.930147080158294171e-01
-4.841155612572073941e-01
-4.663172677399632926e-01
-4.307206807054751452e-01
-4.040232404296090762e-01
-3.862249469123649748e-01
-3.595275066364988503e-01
-3.328300663606327814e-01
-3.150317728433886799e-01
-3.061326260847666569e-01
-3.150317728433886799e-01
-3.328300663606327814e-01
-3.595275066364988503e-01
-4.040232404296090762e-01
-4.574181209813412696e-01
-5.464095885675616104e-01
-5.820061756020498134e-01
-6.087036158779158823e-01
-6.176027626365379053e-01
-6.354010561537819513e-01
-6.354010561537819513e-01
