-5.084225064654555037e-01
-5.015316837955544615e-01
-4.946408611256534749e-01
-4.877500384557524327e-01
-4.808592157858513350e-01
-4.670775704460492506e-01
-4.601867477761482084e-01
-4.532959251062471662e-01
-4.326234570965440951e-01
-4.188418117567420107e-01
-3.981693437470388286e-01
-3.843876984072367442e-01
-3.637152303975336176e-01
-3.499335850577315332e-01
-3.292611170480284066e-01
-3.223702943781273644e-01
-3.085886490383252800e-01
-3.016978263684241823e-01
-2.948070036985231401e-01
-2.879161810286220979e-01
-2.879161810286220979e-01
-2.810253583587210557e-01
-2.741345356888200135e-01
-2.741345356888200135e-01
-2.741345356888200135e-01
-2.672437130189189713e-01
-2.603528903490179292e-01
-2.465712450092158448e-01
-2.396804223393148026e-01
-2.327895996694137326e-01
-2.258987769995126904e-01
-2.327895996694137326e-01
-2.396804223393148026e-01
-2.465712450092158448e-01
-2.465712450092158448e-01
-2.534620676791168870e-01
-2.603528903490179292e-01
-2.741345356888200135e-01
-2.810253583587210557e-01
-2.948070036985231401e-01
-2.948070036985231401e-01
-3.016978263684241823e-01
-3.016978263684241823e-01
-3.085886490383252800e-01
-3.154794717082263222e-01
-3.292611170480284066e-01
-3.292611170480284066e-01
-3.292611170480284066e-01
-3.223702943781273644e-01
-3.223702943781273644e-01
-3.292611170480284066e-01
-3.292611170480284066e-01
-3.292611170480284066e-01
-3.223702943781273644e-01
-3.085886490383252800e-01
-3.016978263684241823e-01
-3.016978263684241823e-01
-3.016978263684241823e-01
-3.085886490383252800e-01
-3.154794717082263222e-01
-3.085886490383252800e-01
-3.085886490383252800e-01
-3.085886490383252800e-01
-3.154794717082263222e-01
-3.223702943781273644e-01
-3.223702943781273644e-01
-3.016978263684241823e-01
-2.741345356888200135e-01
-2.396804223393148026e-01
-2.121171316597106060e-01
-1.983354863199085216e-01
-1.914446636500074794e-01
-1.845538409801064095e-01
-1.776630183102053673e-01
-1.707721956403043251e-01
-1.638813729704032829e-01
-1.569905503005022407e-01
-1.569905503005022407e-01
-1.500997276306011985e-01
-1.500997276306011985e-01
-1.500997276306011985e-01
-1.432089049607001563e-01
-1.432089049607001563e-01
-1.432089049607001563e-01
-1.432089049607001563e-01
-1.432089049607001563e-01
-1.432089049607001563e-01
-1.500997276306011985e-01
-1.500997276306011985e-01
-1.500997276306011985e-01
-1.500997276306011985e-01
-1.500997276306011985e-01
-1.432089049607001563e-01
-1.294272596208980441e-01
-1.156456142810959598e-01
-1.018639689412938615e-01
-8.119150093159072101e-02
-6.740985559178863662e-02
-4.673738758208549615e-02
-3.295574224228340482e-02
-2.606491957238235568e-02
-1.228327423258026435e-02
1.498371107221827848e-03
2.217083911692496745e-02
4.973412979652915011e-02
8.418824314603438885e-02
1.117515338256385715e-01
1.393148245052427403e-01
1.668781151848469368e-01
1.875505831945500634e-01
2.082230512042532178e-01
2.288955192139563444e-01
2.426771645537584565e-01
2.564588098935605132e-01
2.702404552333626531e-01
2.771312779032636953e-01
2.840221005731647375e-01
2.909129232430657797e-01
2.978037459129668219e-01
3.046945685828678640e-01
3.115853912527689062e-01
3.184762139226699484e-01
3.253670365925709906e-01
3.322578592624720328e-01
3.322578592624720328e-01
3.322578592624720328e-01
3.322578592624720328e-01
3.184762139226699484e-01
3.115853912527689062e-01
2.909129232430657797e-01
2.702404552333626531e-01
2.495679872236594987e-01
2.288955192139563444e-01
2.082230512042532178e-01
1.875505831945500634e-01
1.737689378547479790e-01
1.530964698450448525e-01
1.324240018353416981e-01
1.186423564955396137e-01
1.048607111557375154e-01
8.418824314603438885e-02
7.040659780623229058e-02
4.973412979652915011e-02
3.595248445672705878e-02
1.528001644702392005e-02
-5.392451562679218685e-03
-1.228327423258026435e-02
-1.917409690248131002e-02
-1.228327423258026435e-02
-1.228327423258026435e-02
-1.228327423258026435e-02
-5.392451562679218685e-03
8.389193777122874382e-03
2.217083911692496745e-02
4.973412979652915011e-02
7.729742047613333278e-02
1.186423564955396137e-01
1.599872925149458947e-01
2.013322285343521756e-01
4.562926673206909034e-01
9.731043675632693457e-01
1.717313215912582347e+00
2.709591680378332867e+00
3.867249888921708845e+00
5.066253033484491297e+00
6.148112192658955699e+00
6.844085282318960850e+00
6.919884331687872425e+00
6.575343198192820537e+00
5.479702393678554273e+00
4.018847987659531995e+00
2.516648645621103686e+00
1.331427146398123762e+00
6.423448794080192092e-01
4.287293766410866791e-01
3.736027952818783415e-01
3.253670365925709906e-01
2.633496325634616109e-01
1.944414058644511334e-01
9.796988848583647325e-02
-1.917409690248131002e-02
-1.156456142810959598e-01
-1.707721956403043251e-01
-2.052263089898095638e-01
-2.327895996694137326e-01
-2.534620676791168870e-01
-2.741345356888200135e-01
-2.948070036985231401e-01
-3.154794717082263222e-01
-3.292611170480284066e-01
-3.499335850577315332e-01
-3.637152303975336176e-01
-3.774968757373357020e-01
-3.912785210771377864e-01
-3.981693437470388286e-01
-4.119509890868409685e-01
-4.257326344266430529e-01
-4.395142797664451373e-01
-4.464051024363461240e-01
-4.532959251062471662e-01
-4.464051024363461240e-01
-4.326234570965440951e-01
-4.119509890868409685e-01
-3.843876984072367442e-01
-3.637152303975336176e-01
-3.430427623878304910e-01
-3.292611170480284066e-01
-3.154794717082263222e-01
-3.016978263684241823e-01
-2.948070036985231401e-01
-2.879161810286220979e-01
-2.810253583587210557e-01
-2.810253583587210557e-01
-2.810253583587210557e-01
-2.810253583587210557e-01
-2.810253583587210557e-01
-2.741345356888200135e-01
-2.672437130189189713e-01
-2.672437130189189713e-01
-2.672437130189189713e-01
-2.603528903490179292e-01
-2.603528903490179292e-01
-2.534620676791168870e-01
-2.465712450092158448e-01
-2.396804223393148026e-01
-2.327895996694137326e-01
-2.190079543296116482e-01
-2.052263089898095638e-01
-1.845538409801064095e-01
-1.500997276306011985e-01
-1.018639689412938615e-01
-3.295574224228340482e-02
4.284330712662810792e-02
8.418824314603438885e-02
1.186423564955396137e-01
1.530964698450448525e-01
1.806597605246490212e-01
2.082230512042532178e-01
2.288955192139563444e-01
2.495679872236594987e-01
2.702404552333626531e-01
2.909129232430657797e-01
3.046945685828678640e-01
3.253670365925709906e-01
3.391486819323730750e-01
3.598211499420762571e-01
3.736027952818783415e-01
3.942752632915814681e-01
4.218385539711856369e-01
4.700743126604930433e-01
5.183100713498003387e-01
5.389825393595034653e-01
5.458733620294045075e-01
5.527641846993055497e-01
5.665458300391076341e-01
5.734366527090086763e-01
5.872182980488107606e-01
5.941091207187118028e-01
5.941091207187118028e-01
5.803274753789097185e-01
5.458733620294045075e-01
4.976376033400972121e-01
4.425110219808888190e-01
3.529303272721752149e-01
2.702404552333626531e-01
1.530964698450448525e-01
1.528001644702392005e-02
-8.808232360149177709e-02
-1.638813729704032829e-01
-2.603528903490179292e-01
-3.292611170480284066e-01
-3.912785210771377864e-01
-4.395142797664451373e-01
-4.808592157858513350e-01
-5.222041518052575881e-01
-5.704399104945649945e-01
-6.393481371935754165e-01
-6.944747185527837541e-01
-7.151471865624868807e-01
-7.220380092323880339e-01
-7.289288319022890761e-01
-7.358196545721901183e-01
-7.427104772420911605e-01
-7.427104772420911605e-01
-7.496012999119922027e-01
-7.496012999119922027e-01
-7.564921225818932449e-01
-7.564921225818932449e-01
-7.564921225818932449e-01
-7.633829452517942871e-01
-7.564921225818932449e-01
-7.564921225818932449e-01
-7.496012999119922027e-01
-7.496012999119922027e-01
-7.358196545721901183e-01
-7.289288319022890761e-01
-7.151471865624868807e-01
-7.013655412226847963e-01
-6.944747185527837541e-01
-6.806930732129816697e-01
-6.738022505430806275e-01
-6.738022505430806275e-01
-6.669114278731795853e-01
-6.600206052032785431e-01
-6.531297825333775009e-01
-6.462389598634764587e-01
-6.324573145236743743e-01
-6.186756691838722899e-01
-5.980032011741691633e-01
-5.842215558343670789e-01
-5.704399104945649945e-01
-5.566582651547629101e-01
-5.497674424848618679e-01
-5.359857971450597836e-01
-5.290949744751586303e-01
-5.153133291353565459e-01
-5.153133291353565459e-01
-5.084225064654555037e-01
-5.084225064654555037e-01
-5.015316837955544615e-01
-4.946408611256534749e-01
-4.808592157858513350e-01
-4.670775704460492506e-01
-4.532959251062471662e-01
-4.395142797664451373e-01
-4.257326344266430529e-01
-4.119509890868409685e-01
-3.912785210771377864e-01
-3.774968757373357020e-01
-3.637152303975336176e-01
-3.568244077276325754e-01
-3.499335850577315332e-01
-3.499335850577315332e-01
-3.499335850577315332e-01
-3.430427623878304910e-01
-3.361519397179294488e-01
-3.292611170480284066e-01
-3.223702943781273644e-01
-3.154794717082263222e-01
-3.016978263684241823e-01
-2.948070036985231401e-01
-2.879161810286220979e-01
-2.810253583587210557e-01
-2.741345356888200135e-01
-2.741345356888200135e-01
-2.810253583587210557e-01
-2.810253583587210557e-01
-2.879161810286220979e-01
-2.879161810286220979e-01
-2.948070036985231401e-01
-2.948070036985231401e-01
-3.016978263684241823e-01
-3.016978263684241823e-01
-3.085886490383252800e-01
-3.016978263684241823e-01
-3.016978263684241823e-01
-3.016978263684241823e-01
-3.016978263684241823e-01
-2.948070036985231401e-01
-2.948070036985231401e-01
-2.948070036985231401e-01
-2.879161810286220979e-01
-2.810253583587210557e-01
-2.810253583587210557e-01
-2.810253583587210557e-01
-2.879161810286220979e-01
-2.879161810286220979e-01
-2.948070036985231401e-01
-2.948070036985231401e-01
-2.948070036985231401e-01
-2.948070036985231401e-01
-2.879161810286220979e-01
-2.879161810286220979e-01
-2.810253583587210557e-01
-2.741345356888200135e-01
-2.672437130189189713e-01
-2.603528903490179292e-01
-2.603528903490179292e-01
-2.534620676791168870e-01
-2.396804223393148026e-01
-2.258987769995126904e-01
-2.121171316597106060e-01
-1.983354863199085216e-01
-1.914446636500074794e-01
-1.776630183102053673e-01
-1.569905503005022407e-01
-1.500997276306011985e-01
-1.363180822907990863e-01
-1.294272596208980441e-01
-1.363180822907990863e-01
-1.363180822907990863e-01
-1.363180822907990863e-01
-1.363180822907990863e-01
-1.363180822907990863e-01
-1.363180822907990863e-01
-1.432089049607001563e-01
-1.500997276306011985e-01
-1.569905503005022407e-01
-1.638813729704032829e-01
-1.638813729704032829e-01
-1.638813729704032829e-01
-1.638813729704032829e-01
-1.569905503005022407e-01
-1.500997276306011985e-01
-1.432089049607001563e-01
-1.225364369509970019e-01
-1.018639689412938615e-01
-8.119150093159072101e-02
-6.051903292188758748e-02
-4.673738758208549615e-02
-3.295574224228340482e-02
-1.228327423258026435e-02
8.389193777122874382e-03
2.906166178682601312e-02
4.973412979652915011e-02
6.351577513633124838e-02
7.729742047613333278e-02
9.107906581593543105e-02
1.048607111557375154e-01
1.186423564955396137e-01
1.324240018353416981e-01
1.462056471751438103e-01
1.599872925149458947e-01
1.668781151848469368e-01
1.806597605246490212e-01
1.875505831945500634e-01
1.944414058644511334e-01
1.944414058644511334e-01
1.944414058644511334e-01
1.875505831945500634e-01
1.806597605246490212e-01
1.737689378547479790e-01
1.668781151848469368e-01
1.530964698450448525e-01
1.462056471751438103e-01
1.324240018353416981e-01
1.117515338256385715e-01
9.796988848583647325e-02
8.418824314603438885e-02
7.040659780623229058e-02
4.973412979652915011e-02
2.906166178682601312e-02
8.389193777122874382e-03
-5.392451562679218685e-03
-2.606491957238235568e-02
-3.984656491218444702e-02
-5.362821025198654529e-02
-6.740985559178863662e-02
-8.119150093159072101e-02
-9.497314627139281928e-02
-1.018639689412938615e-01
-1.156456142810959598e-01
-1.294272596208980441e-01
-1.432089049607001563e-01
-1.500997276306011985e-01
-1.569905503005022407e-01
-1.707721956403043251e-01
-1.776630183102053673e-01
-1.776630183102053673e-01
-1.776630183102053673e-01
-1.776630183102053673e-01
-1.638813729704032829e-01
-1.500997276306011985e-01
-1.294272596208980441e-01
-8.808232360149177709e-02
-3.984656491218444702e-02
1.324240018353416981e-01
3.873844406216804259e-01
7.457072194565348422e-01
1.303863855718519593e+00
2.116980930766843016e+00
3.150604331252000012e+00
4.349607475814782021e+00
5.548610620377564473e+00
6.540889084843314549e+00
6.954338445037377525e+00
6.906102686348070563e+00
6.217020419357965899e+00
4.887091644067063534e+00
3.309093252659724094e+00
1.903365427999910375e+00
9.731043675632693457e-01
5.596550073692065919e-01
4.080569086313835525e-01
3.529303272721752149e-01
2.840221005731647375e-01
1.875505831945500634e-01
-1.917409690248131002e-02
-2.052263089898095638e-01
-2.672437130189189713e-01
-3.085886490383252800e-01
-3.430427623878304910e-01
-3.843876984072367442e-01
-4.326234570965440951e-01
-4.808592157858513350e-01
-5.015316837955544615e-01
-5.084225064654555037e-01
-5.222041518052575881e-01
-5.359857971450597836e-01
-5.428766198149608257e-01
-5.497674424848618679e-01
-5.497674424848618679e-01
-5.497674424848618679e-01
-5.428766198149608257e-01
-5.359857971450597836e-01
-5.359857971450597836e-01
-5.222041518052575881e-01
-5.084225064654555037e-01
-4.877500384557524327e-01
-4.670775704460492506e-01
-4.395142797664451373e-01
-4.119509890868409685e-01
-3.637152303975336176e-01
-3.292611170480284066e-01
-3.223702943781273644e-01
-3.361519397179294488e-01
-3.499335850577315332e-01
-3.568244077276325754e-01
-3.706060530674346598e-01
-3.774968757373357020e-01
-3.843876984072367442e-01
-3.843876984072367442e-01
-3.499335850577315332e-01
-3.085886490383252800e-01
-2.603528903490179292e-01
-2.190079543296116482e-01
-1.638813729704032829e-01
-1.156456142810959598e-01
-8.808232360149177709e-02
-6.740985559178863662e-02
-4.673738758208549615e-02
-3.295574224228340482e-02
-1.917409690248131002e-02
-1.228327423258026435e-02
-5.392451562679218685e-03
8.389193777122874382e-03
2.906166178682601312e-02
5.662495246643019925e-02
7.729742047613333278e-02
9.796988848583647325e-02
1.255331791654406559e-01
1.462056471751438103e-01
1.806597605246490212e-01
2.013322285343521756e-01
2.288955192139563444e-01
2.426771645537584565e-01
2.633496325634616109e-01
2.840221005731647375e-01
3.115853912527689062e-01
3.529303272721752149e-01
4.149477313012845947e-01
4.907467806701961699e-01
5.458733620294045075e-01
5.872182980488107606e-01
6.285632340682171249e-01
6.630173474177223358e-01
6.974714607672275468e-01
7.250347514468317156e-01
7.457072194565348422e-01
7.594888647963369266e-01
7.801613328060400532e-01
8.008338008157432908e-01
8.215062688254464174e-01
8.352879141652485018e-01
8.352879141652485018e-01
8.215062688254464174e-01
7.939429781458422486e-01
7.594888647963369266e-01
7.181439287769306734e-01
6.354540567381181670e-01
4.769651353303940855e-01
3.736027952818783415e-01
3.046945685828678640e-01
2.426771645537584565e-01
1.875505831945500634e-01
9.796988848583647325e-02
-5.392451562679218685e-03
-7.430067826168967882e-02
-1.156456142810959598e-01
-1.569905503005022407e-01
-2.052263089898095638e-01
-2.810253583587210557e-01
-4.119509890868409685e-01
-4.877500384557524327e-01
-5.222041518052575881e-01
-5.497674424848618679e-01
-5.704399104945649945e-01
-5.911123785042681211e-01
-5.980032011741691633e-01
-6.117848465139712477e-01
-6.186756691838722899e-01
-6.255664918537733321e-01
-6.324573145236743743e-01
-6.324573145236743743e-01
-6.393481371935754165e-01
-6.393481371935754165e-01
-6.393481371935754165e-01
-6.393481371935754165e-01
-6.393481371935754165e-01
-6.393481371935754165e-01
-6.393481371935754165e-01
-6.462389598634764587e-01
-6.462389598634764587e-01
-6.531297825333775009e-01
-6.531297825333775009e-01
-6.531297825333775009e-01
-6.531297825333775009e-01
-6.462389598634764587e-01
-6.393481371935754165e-01
-6.324573145236743743e-01
-6.186756691838722899e-01
-6.048940238440702055e-01
-5.911123785042681211e-01
-5.773307331644660367e-01
-5.566582651547629101e-01
-5.428766198149608257e-01
-5.290949744751586303e-01
-5.153133291353565459e-01
-4.946408611256534749e-01
-4.739683931159502928e-01
-4.601867477761482084e-01
-4.395142797664451373e-01
-4.257326344266430529e-01
-4.119509890868409685e-01
-3.981693437470388286e-01
-3.843876984072367442e-01
-3.637152303975336176e-01
-3.568244077276325754e-01
-3.430427623878304910e-01
-3.361519397179294488e-01
-3.292611170480284066e-01
-3.154794717082263222e-01
-3.016978263684241823e-01
-2.879161810286220979e-01
-2.741345356888200135e-01
-2.741345356888200135e-01
-2.741345356888200135e-01
-2.741345356888200135e-01
-2.741345356888200135e-01
-2.810253583587210557e-01
-2.810253583587210557e-01
-2.810253583587210557e-01
-2.879161810286220979e-01
-2.948070036985231401e-01
-2.948070036985231401e-01
-3.016978263684241823e-01
-3.016978263684241823e-01
-3.016978263684241823e-01
-3.085886490383252800e-01
-3.154794717082263222e-01
-3.223702943781273644e-01
-3.223702943781273644e-01
-3.292611170480284066e-01
-3.292611170480284066e-01
-3.361519397179294488e-01
-3.292611170480284066e-01
-3.292611170480284066e-01
-3.223702943781273644e-01
-3.154794717082263222e-01
-3.154794717082263222e-01
-3.085886490383252800e-01
-3.016978263684241823e-01
-3.016978263684241823e-01
-3.016978263684241823e-01
-3.016978263684241823e-01
-3.085886490383252800e-01
-3.292611170480284066e-01
-3.499335850577315332e-01
-3.706060530674346598e-01
-3.912785210771377864e-01
-4.050601664169399263e-01
-4.257326344266430529e-01
-4.464051024363461240e-01
-4.601867477761482084e-01
-4.739683931159502928e-01
-4.739683931159502928e-01
-4.670775704460492506e-01
-4.532959251062471662e-01
-4.395142797664451373e-01
-4.188418117567420107e-01
-4.050601664169399263e-01
-3.981693437470388286e-01
-3.912785210771377864e-01
-3.774968757373357020e-01
-3.706060530674346598e-01
-3.706060530674346598e-01
-3.637152303975336176e-01
-3.637152303975336176e-01
-3.568244077276325754e-01
-3.499335850577315332e-01
-3.430427623878304910e-01
-3.361519397179294488e-01
-3.292611170480284066e-01
-3.223702943781273644e-01
-3.223702943781273644e-01
-3.154794717082263222e-01
-3.085886490383252800e-01
-3.085886490383252800e-01
-3.016978263684241823e-01
-2.948070036985231401e-01
-2.948070036985231401e-01
-2.948070036985231401e-01
-2.948070036985231401e-01
-2.948070036985231401e-01
-2.948070036985231401e-01
-2.879161810286220979e-01
-2.879161810286220979e-01
-2.810253583587210557e-01
-2.741345356888200135e-01
-2.672437130189189713e-01
-2.534620676791168870e-01
-2.396804223393148026e-01
-2.258987769995126904e-01
-1.983354863199085216e-01
-1.638813729704032829e-01
-1.294272596208980441e-01
-8.119150093159072101e-02
-5.362821025198654529e-02
-3.984656491218444702e-02
-2.606491957238235568e-02
-1.228327423258026435e-02
8.389193777122874382e-03
2.217083911692496745e-02
3.595248445672705878e-02
4.973412979652915011e-02
5.662495246643019925e-02
7.040659780623229058e-02
7.729742047613333278e-02
8.418824314603438885e-02
9.107906581593543105e-02
9.796988848583647325e-02
1.048607111557375154e-01
1.186423564955396137e-01
1.393148245052427403e-01
1.599872925149458947e-01
1.737689378547479790e-01
1.599872925149458947e-01
1.393148245052427403e-01
1.117515338256385715e-01
7.729742047613333278e-02
4.284330712662810792e-02
8.389193777122874382e-03
-3.295574224228340482e-02
-5.362821025198654529e-02
-6.740985559178863662e-02
-8.119150093159072101e-02
-8.808232360149177709e-02
-1.018639689412938615e-01
-1.018639689412938615e-01
-1.087547916111949176e-01
-1.087547916111949176e-01
-1.156456142810959598e-01
-1.225364369509970019e-01
-1.225364369509970019e-01
-1.294272596208980441e-01
-1.363180822907990863e-01
-1.432089049607001563e-01
-1.500997276306011985e-01
-1.500997276306011985e-01
-1.500997276306011985e-01
-1.500997276306011985e-01
-1.569905503005022407e-01
-1.638813729704032829e-01
-1.707721956403043251e-01
-1.845538409801064095e-01
-1.914446636500074794e-01
-2.190079543296116482e-01
-2.672437130189189713e-01
-2.741345356888200135e-01
-2.121171316597106060e-01
-3.984656491218444702e-02
3.460395046022741172e-01
9.868860129030715411e-01
1.889583782660108291e+00
3.019678700523880099e+00
4.253135958436167208e+00
5.431466634989246423e+00
6.327273582076382574e+00
6.733832119600544175e+00
6.506434971493809449e+00
5.679536251105684386e+00
4.418515702513793109e+00
3.054132813873385199e+00
1.882692959990207360e+00
1.028230948922477683e+00
4.976376033400972121e-01
2.840221005731647375e-01
2.013322285343521756e-01
1.393148245052427403e-01
9.796988848583647325e-02
5.662495246643019925e-02
1.528001644702392005e-02
-3.295574224228340482e-02
-8.808232360149177709e-02
-1.500997276306011985e-01
-2.052263089898095638e-01
-2.603528903490179292e-01
-3.223702943781273644e-01
-3.843876984072367442e-01
-4.257326344266430529e-01
-4.601867477761482084e-01
-4.877500384557524327e-01
-5.084225064654555037e-01
-5.290949744751586303e-01
-5.428766198149608257e-01
-5.635490878246639523e-01
-5.773307331644660367e-01
-5.773307331644660367e-01
-5.497674424848618679e-01
-5.084225064654555037e-01
-4.877500384557524327e-01
-4.739683931159502928e-01
-4.601867477761482084e-01
-4.395142797664451373e-01
-4.257326344266430529e-01
-4.119509890868409685e-01
-3.981693437470388286e-01
-3.843876984072367442e-01
-3.774968757373357020e-01
-3.706060530674346598e-01
-3.706060530674346598e-01
-3.706060530674346598e-01
-3.637152303975336176e-01
-3.568244077276325754e-01
-3.499335850577315332e-01
-3.430427623878304910e-01
-3.361519397179294488e-01
-3.292611170480284066e-01
-3.154794717082263222e-01
-3.016978263684241823e-01
-2.879161810286220979e-01
-2.603528903490179292e-01
-2.396804223393148026e-01
-2.190079543296116482e-01
-1.983354863199085216e-01
-1.776630183102053673e-01
-1.500997276306011985e-01
-1.363180822907990863e-01
-1.156456142810959598e-01
-1.018639689412938615e-01
-8.119150093159072101e-02
-6.740985559178863662e-02
-4.673738758208549615e-02
-1.917409690248131002e-02
1.498371107221827848e-03
3.595248445672705878e-02
7.040659780623229058e-02
1.117515338256385715e-01
1.462056471751438103e-01
1.875505831945500634e-01
2.220046965440553022e-01
2.564588098935605132e-01
2.771312779032636953e-01
2.909129232430657797e-01
3.046945685828678640e-01
3.184762139226699484e-01
3.391486819323730750e-01
3.598211499420762571e-01
3.804936179517793837e-01
4.011660859614825103e-01
4.218385539711856369e-01
4.425110219808888190e-01
4.631834899905920011e-01
4.976376033400972121e-01
5.320917166896024231e-01
5.665458300391076341e-01
5.941091207187118028e-01
6.216724113983160827e-01
6.561265247478212936e-01
6.974714607672275468e-01
6.905806380973265046e-01
6.285632340682171249e-01
5.458733620294045075e-01
4.425110219808888190e-01
3.667119726119772993e-01
3.115853912527689062e-01
2.220046965440553022e-01
9.796988848583647325e-02
-6.740985559178863662e-02
-1.707721956403043251e-01
-2.258987769995126904e-01
-2.741345356888200135e-01
-3.154794717082263222e-01
-3.637152303975336176e-01
-4.050601664169399263e-01
-4.464051024363461240e-01
-5.015316837955544615e-01
-5.428766198149608257e-01
-5.704399104945649945e-01
-5.980032011741691633e-01
-6.255664918537733321e-01
-6.531297825333775009e-01
-6.806930732129816697e-01
-7.082563638925858385e-01
-7.289288319022890761e-01
-7.496012999119922027e-01
-7.702737679216953293e-01
-7.771645905915963715e-01
-7.633829452517942871e-01
-7.289288319022890761e-01
-6.944747185527837541e-01
-6.600206052032785431e-01
-6.324573145236743743e-01
-5.980032011741691633e-01
-5.773307331644660367e-01
-5.773307331644660367e-01
-5.842215558343670789e-01
-5.980032011741691633e-01
-6.117848465139712477e-01
-6.186756691838722899e-01
-6.324573145236743743e-01
-6.393481371935754165e-01
-6.531297825333775009e-01
-6.600206052032785431e-01
-6.669114278731795853e-01
-6.738022505430806275e-01
-6.806930732129816697e-01
-6.738022505430806275e-01
-6.669114278731795853e-01
-6.531297825333775009e-01
-6.324573145236743743e-01
-6.048940238440702055e-01
-5.773307331644660367e-01
-5.497674424848618679e-01
-5.015316837955544615e-01
-4.532959251062471662e-01
-4.188418117567420107e-01
-3.843876984072367442e-01
-3.361519397179294488e-01
-2.810253583587210557e-01
-2.741345356888200135e-01
-2.603528903490179292e-01
-2.465712450092158448e-01
-2.948070036985231401e-01
-3.292611170480284066e-01
-3.430427623878304910e-01
-3.637152303975336176e-01
-3.774968757373357020e-01
-3.843876984072367442e-01
-3.774968757373357020e-01
-3.637152303975336176e-01
-3.499335850577315332e-01
-3.292611170480284066e-01
-3.154794717082263222e-01
-3.154794717082263222e-01
-3.085886490383252800e-01
-3.016978263684241823e-01
-2.879161810286220979e-01
-2.810253583587210557e-01
-2.741345356888200135e-01
-2.741345356888200135e-01
-2.672437130189189713e-01
-2.603528903490179292e-01
-2.465712450092158448e-01
-2.396804223393148026e-01
-2.327895996694137326e-01
-2.396804223393148026e-01
-2.465712450092158448e-01
-2.534620676791168870e-01
-2.534620676791168870e-01
-2.603528903490179292e-01
-2.672437130189189713e-01
-2.741345356888200135e-01
-2.810253583587210557e-01
-2.879161810286220979e-01
-2.948070036985231401e-01
-3.016978263684241823e-01
-3.016978263684241823e-01
-3.085886490383252800e-01
-3.085886490383252800e-01
-3.223702943781273644e-01
-3.292611170480284066e-01
-3.361519397179294488e-01
-3.568244077276325754e-01
-3.843876984072367442e-01
-3.912785210771377864e-01
-3.774968757373357020e-01
-3.361519397179294488e-01
-2.948070036985231401e-01
-2.603528903490179292e-01
-2.258987769995126904e-01
-1.914446636500074794e-01
-1.638813729704032829e-01
-1.432089049607001563e-01
-1.225364369509970019e-01
-1.018639689412938615e-01
-8.808232360149177709e-02
-7.430067826168967882e-02
-6.051903292188758748e-02
-4.673738758208549615e-02
-3.295574224228340482e-02
-2.606491957238235568e-02
-1.228327423258026435e-02
1.498371107221827848e-03
2.217083911692496745e-02
3.595248445672705878e-02
5.662495246643019925e-02
7.040659780623229058e-02
8.418824314603438885e-02
9.796988848583647325e-02
1.186423564955396137e-01
1.393148245052427403e-01
1.599872925149458947e-01
1.806597605246490212e-01
2.013322285343521756e-01
2.220046965440553022e-01
2.426771645537584565e-01
2.633496325634616109e-01
2.840221005731647375e-01
3.046945685828678640e-01
3.322578592624720328e-01
3.736027952818783415e-01
4.080569086313835525e-01
4.356201993109877213e-01
4.631834899905920011e-01
4.700743126604930433e-01
4.769651353303940855e-01
4.838559580002951277e-01
4.907467806701961699e-01
4.976376033400972121e-01
5.045284260099982543e-01
5.114192486798992965e-01
5.183100713498003387e-01
5.183100713498003387e-01
5.252008940197013809e-01
5.320917166896024231e-01
5.389825393595034653e-01
5.458733620294045075e-01
5.458733620294045075e-01
5.527641846993055497e-01
5.527641846993055497e-01
5.527641846993055497e-01
5.527641846993055497e-01
5.527641846993055497e-01
5.596550073692065919e-01
5.596550073692065919e-01
5.665458300391076341e-01
5.872182980488107606e-01
6.009999433886129561e-01
6.078907660585139983e-01
5.941091207187118028e-01
5.596550073692065919e-01
5.183100713498003387e-01
4.631834899905920011e-01
3.942752632915814681e-01
3.598211499420762571e-01
3.391486819323730750e-01
3.184762139226699484e-01
3.046945685828678640e-01
2.978037459129668219e-01
2.840221005731647375e-01
2.771312779032636953e-01
2.633496325634616109e-01
2.495679872236594987e-01
2.357863418838574143e-01
2.151138738741542600e-01
1.944414058644511334e-01
1.737689378547479790e-01
1.530964698450448525e-01
1.393148245052427403e-01
1.186423564955396137e-01
9.796988848583647325e-02
7.729742047613333278e-02
5.662495246643019925e-02
4.973412979652915011e-02
4.973412979652915011e-02
4.973412979652915011e-02
6.351577513633124838e-02
9.107906581593543105e-02
1.255331791654406559e-01
2.564588098935605132e-01
5.320917166896024231e-01
9.386502542137641347e-01
1.510588535815551081e+00
2.275469852174567098e+00
3.253966671300515312e+00
4.384061589164287120e+00
5.527938152367861235e+00
6.471980858144304349e+00
6.892321041008268701e+00
6.864757750328664088e+00
6.313491936736580712e+00
5.190287841542709835e+00
3.805232484892599576e+00
2.502867000281301380e+00
1.503697713145649928e+00
8.697420275147537128e-01
5.183100713498003387e-01
3.253670365925709906e-01
2.013322285343521756e-01
1.186423564955396137e-01
7.040659780623229058e-02
2.906166178682601312e-02
-5.392451562679218685e-03
-3.984656491218444702e-02
-7.430067826168967882e-02
-1.156456142810959598e-01
-1.569905503005022407e-01
-2.052263089898095638e-01
-2.465712450092158448e-01
-2.741345356888200135e-01
-2.948070036985231401e-01
-3.154794717082263222e-01
-3.223702943781273644e-01
-3.223702943781273644e-01
-3.154794717082263222e-01
-2.948070036985231401e-01
-2.741345356888200135e-01
-2.534620676791168870e-01
-2.327895996694137326e-01
-2.052263089898095638e-01
-1.914446636500074794e-01
-1.914446636500074794e-01
-2.121171316597106060e-01
-2.396804223393148026e-01
-2.741345356888200135e-01
-2.948070036985231401e-01
-3.292611170480284066e-01
-3.568244077276325754e-01
-3.843876984072367442e-01
-3.843876984072367442e-01
-3.637152303975336176e-01
-3.292611170480284066e-01
-2.879161810286220979e-01
-2.190079543296116482e-01
-1.432089049607001563e-01
-1.363180822907990863e-01
-1.363180822907990863e-01
-1.294272596208980441e-01
-1.225364369509970019e-01
-1.156456142810959598e-01
-1.225364369509970019e-01
-1.432089049607001563e-01
-1.569905503005022407e-01
-1.845538409801064095e-01
-2.121171316597106060e-01
-2.258987769995126904e-01
-1.845538409801064095e-01
-1.156456142810959598e-01
-6.051903292188758748e-02
1.498371107221827848e-03
4.973412979652915011e-02
7.729742047613333278e-02
9.796988848583647325e-02
1.186423564955396137e-01
1.255331791654406559e-01
1.393148245052427403e-01
1.530964698450448525e-01
1.599872925149458947e-01
1.737689378547479790e-01
1.875505831945500634e-01
2.013322285343521756e-01
2.151138738741542600e-01
2.288955192139563444e-01
2.426771645537584565e-01
2.633496325634616109e-01
2.909129232430657797e-01
3.529303272721752149e-01
4.080569086313835525e-01
4.907467806701961699e-01
5.734366527090086763e-01
6.147815887284150405e-01
6.423448794080192092e-01
6.630173474177223358e-01
6.767989927575244202e-01
6.836898154274254624e-01
6.767989927575244202e-01
6.492357020779202514e-01
6.078907660585139983e-01
5.665458300391076341e-01
5.252008940197013809e-01
4.631834899905920011e-01
4.080569086313835525e-01
3.598211499420762571e-01
3.184762139226699484e-01
2.702404552333626531e-01
2.288955192139563444e-01
1.806597605246490212e-01
1.255331791654406559e-01
5.662495246643019925e-02
-5.392451562679218685e-03
-6.740985559178863662e-02
-1.294272596208980441e-01
-1.845538409801064095e-01
-2.465712450092158448e-01
-3.292611170480284066e-01
-4.395142797664451373e-01
-5.566582651547629101e-01
-5.980032011741691633e-01
-6.186756691838722899e-01
-6.324573145236743743e-01
-6.462389598634764587e-01
-6.600206052032785431e-01
-6.669114278731795853e-01
-6.806930732129816697e-01
-6.944747185527837541e-01
-7.082563638925858385e-01
-7.151471865624868807e-01
-7.220380092323880339e-01
-7.289288319022890761e-01
-7.358196545721901183e-01
-7.427104772420911605e-01
-7.427104772420911605e-01
-7.427104772420911605e-01
-7.427104772420911605e-01
-7.358196545721901183e-01
-7.289288319022890761e-01
-7.289288319022890761e-01
-7.289288319022890761e-01
-7.220380092323880339e-01
-7.220380092323880339e-01
-7.220380092323880339e-01
-7.220380092323880339e-01
-7.220380092323880339e-01
-7.289288319022890761e-01
-7.289288319022890761e-01
-7.220380092323880339e-01
-7.151471865624868807e-01
-7.082563638925858385e-01
-7.013655412226847963e-01
-6.944747185527837541e-01
-6.875838958828827119e-01
-6.806930732129816697e-01
-6.738022505430806275e-01
-6.669114278731795853e-01
-6.600206052032785431e-01
-6.531297825333775009e-01
-6.462389598634764587e-01
-6.393481371935754165e-01
-6.255664918537733321e-01
-6.186756691838722899e-01
-6.048940238440702055e-01
-5.911123785042681211e-01
-5.704399104945649945e-01
-5.566582651547629101e-01
-5.428766198149608257e-01
-5.222041518052575881e-01
-4.808592157858513350e-01
-4.257326344266430529e-01
-3.912785210771377864e-01
-3.843876984072367442e-01
-3.774968757373357020e-01
-3.774968757373357020e-01
-3.706060530674346598e-01
-3.568244077276325754e-01
-3.637152303975336176e-01
-4.119509890868409685e-01
-4.326234570965440951e-01
-4.395142797664451373e-01
-4.532959251062471662e-01
-4.670775704460492506e-01
-4.739683931159502928e-01
-4.808592157858513350e-01
-4.877500384557524327e-01
-4.946408611256534749e-01
-4.946408611256534749e-01
-5.015316837955544615e-01
-5.015316837955544615e-01
-5.015316837955544615e-01
-4.946408611256534749e-01
-4.877500384557524327e-01
-4.808592157858513350e-01
-4.808592157858513350e-01
-4.739683931159502928e-01
-4.739683931159502928e-01
-4.739683931159502928e-01
-4.739683931159502928e-01
-4.670775704460492506e-01
-4.670775704460492506e-01
-4.739683931159502928e-01
-4.739683931159502928e-01
-4.739683931159502928e-01
-4.739683931159502928e-01
-4.670775704460492506e-01
-4.670775704460492506e-01
-4.601867477761482084e-01
-4.601867477761482084e-01
-4.670775704460492506e-01
-4.670775704460492506e-01
-4.670775704460492506e-01
-4.670775704460492506e-01
-4.670775704460492506e-01
-4.670775704460492506e-01
-4.670775704460492506e-01
-4.670775704460492506e-01
-4.670775704460492506e-01
-4.670775704460492506e-01
-4.601867477761482084e-01
-4.464051024363461240e-01
-4.395142797664451373e-01
-4.257326344266430529e-01
-4.188418117567420107e-01
-4.119509890868409685e-01
-4.050601664169399263e-01
-3.912785210771377864e-01
-3.843876984072367442e-01
-3.774968757373357020e-01
-3.706060530674346598e-01
-3.637152303975336176e-01
-3.637152303975336176e-01
-3.568244077276325754e-01
-3.499335850577315332e-01
-3.430427623878304910e-01
-3.292611170480284066e-01
-3.223702943781273644e-01
-3.154794717082263222e-01
-3.085886490383252800e-01
-2.948070036985231401e-01
-2.879161810286220979e-01
-2.741345356888200135e-01
-2.534620676791168870e-01
-2.396804223393148026e-01
-2.258987769995126904e-01
-2.121171316597106060e-01
-1.914446636500074794e-01
-1.707721956403043251e-01
-1.500997276306011985e-01
-1.432089049607001563e-01
-1.225364369509970019e-01
-1.087547916111949176e-01
-8.808232360149177709e-02
-6.740985559178863662e-02
-3.984656491218444702e-02
-1.228327423258026435e-02
1.528001644702392005e-02
4.284330712662810792e-02
6.351577513633124838e-02
7.729742047613333278e-02
9.107906581593543105e-02
1.048607111557375154e-01
1.186423564955396137e-01
1.255331791654406559e-01
1.393148245052427403e-01
1.530964698450448525e-01
1.599872925149458947e-01
1.737689378547479790e-01
1.875505831945500634e-01
2.013322285343521756e-01
2.082230512042532178e-01
2.151138738741542600e-01
2.288955192139563444e-01
2.288955192139563444e-01
2.220046965440553022e-01
2.013322285343521756e-01
1.806597605246490212e-01
1.530964698450448525e-01
1.324240018353416981e-01
1.048607111557375154e-01
7.040659780623229058e-02
2.906166178682601312e-02
-1.917409690248131002e-02
-3.984656491218444702e-02
-4.673738758208549615e-02
-4.673738758208549615e-02
-5.362821025198654529e-02
-6.051903292188758748e-02
-7.430067826168967882e-02
-8.119150093159072101e-02
-8.808232360149177709e-02
-9.497314627139281928e-02
-1.018639689412938615e-01
-1.018639689412938615e-01
-1.018639689412938615e-01
-9.497314627139281928e-02
-8.808232360149177709e-02
-8.119150093159072101e-02
-7.430067826168967882e-02
-6.051903292188758748e-02
-5.362821025198654529e-02
-4.673738758208549615e-02
-3.984656491218444702e-02
-3.295574224228340482e-02
-1.228327423258026435e-02
2.217083911692496745e-02
6.351577513633124838e-02
2.288955192139563444e-01
5.734366527090086763e-01
1.090248352951587174e+00
1.827566378630999022e+00
2.826735665766650474e+00
4.011957164989630620e+00
5.245414422901918172e+00
6.368618518095789049e+00
7.043919139746090963e+00
7.085264075765497438e+00
6.637360602221929362e+00
5.403903344309642698e+00
3.894813179601313013e+00
2.482194532271598142e+00
1.489916067805847844e+00
1.048903416932180921e+00
8.835236728545557972e-01
8.215062688254464174e-01
6.767989927575244202e-01
4.494018446507898612e-01
1.806597605246490212e-01
7.040659780623229058e-02
-3.295574224228340482e-02
-9.497314627139281928e-02
-1.363180822907990863e-01
-1.569905503005022407e-01
-1.845538409801064095e-01
-2.052263089898095638e-01
-2.190079543296116482e-01
-2.327895996694137326e-01
-2.465712450092158448e-01
-2.534620676791168870e-01
-2.603528903490179292e-01
-2.672437130189189713e-01
-2.810253583587210557e-01
-2.948070036985231401e-01
-3.016978263684241823e-01
-3.085886490383252800e-01
-3.154794717082263222e-01
-3.223702943781273644e-01
-3.223702943781273644e-01
-3.085886490383252800e-01
-2.879161810286220979e-01
-2.672437130189189713e-01
-2.327895996694137326e-01
-2.052263089898095638e-01
-1.707721956403043251e-01
-1.432089049607001563e-01
-1.087547916111949176e-01
-6.740985559178863662e-02
-3.984656491218444702e-02
-1.917409690248131002e-02
-1.228327423258026435e-02
-5.392451562679218685e-03
-5.392451562679218685e-03
-5.392451562679218685e-03
1.498371107221827848e-03
1.498371107221827848e-03
8.389193777122874382e-03
1.528001644702392005e-02
1.528001644702392005e-02
2.217083911692496745e-02
2.217083911692496745e-02
2.906166178682601312e-02
4.284330712662810792e-02
4.973412979652915011e-02
7.040659780623229058e-02
8.418824314603438885e-02
1.048607111557375154e-01
1.324240018353416981e-01
1.599872925149458947e-01
1.944414058644511334e-01
2.288955192139563444e-01
2.633496325634616109e-01
2.909129232430657797e-01
3.253670365925709906e-01
3.667119726119772993e-01
4.011660859614825103e-01
4.287293766410866791e-01
4.562926673206909034e-01
4.838559580002951277e-01
5.045284260099982543e-01
5.320917166896024231e-01
5.527641846993055497e-01
5.734366527090086763e-01
5.941091207187118028e-01
6.147815887284150405e-01
6.285632340682171249e-01
6.492357020779202514e-01
6.630173474177223358e-01
6.836898154274254624e-01
7.043622834371285890e-01
7.250347514468317156e-01
7.457072194565348422e-01
7.594888647963369266e-01
7.663796874662379688e-01
7.663796874662379688e-01
7.525980421264358844e-01
7.388163967866338000e-01
7.112531061070296312e-01
6.767989927575244202e-01
6.285632340682171249e-01
5.389825393595034653e-01
4.631834899905920011e-01
3.942752632915814681e-01
3.115853912527689062e-01
2.357863418838574143e-01
1.393148245052427403e-01
1.528001644702392005e-02
-1.087547916111949176e-01
-2.190079543296116482e-01
-3.016978263684241823e-01
-3.499335850577315332e-01
-4.050601664169399263e-01
-4.670775704460492506e-01
-5.153133291353565459e-01
-5.566582651547629101e-01
-5.911123785042681211e-01
-6.255664918537733321e-01
-6.600206052032785431e-01
-6.944747185527837541e-01
-7.082563638925858385e-01
-7.289288319022890761e-01
-7.427104772420911605e-01
-7.633829452517942871e-01
-7.771645905915963715e-01
-7.978370586012994981e-01
-8.116187039411015824e-01
-8.185095266110026246e-01
-8.254003492809036668e-01
-8.254003492809036668e-01
-8.254003492809036668e-01
-8.254003492809036668e-01
-8.185095266110026246e-01
-8.116187039411015824e-01
-8.047278812712005402e-01
-7.978370586012994981e-01
-7.909462359313984559e-01
-7.840554132614974137e-01
-7.840554132614974137e-01
-7.771645905915963715e-01
-7.771645905915963715e-01
-7.702737679216953293e-01
-7.633829452517942871e-01
-7.564921225818932449e-01
-7.496012999119922027e-01
-7.427104772420911605e-01
-7.358196545721901183e-01
-7.220380092323880339e-01
-7.151471865624868807e-01
-7.082563638925858385e-01
-7.013655412226847963e-01
-7.013655412226847963e-01
-6.944747185527837541e-01
-6.944747185527837541e-01
-6.875838958828827119e-01
-6.875838958828827119e-01
-6.806930732129816697e-01
-6.738022505430806275e-01
-6.600206052032785431e-01
-6.531297825333775009e-01
-6.462389598634764587e-01
-6.324573145236743743e-01
-6.255664918537733321e-01
-6.117848465139712477e-01
-6.048940238440702055e-01
-5.980032011741691633e-01
-5.842215558343670789e-01
-5.704399104945649945e-01
-5.635490878246639523e-01
-5.497674424848618679e-01
-5.359857971450597836e-01
-5.290949744751586303e-01
-5.153133291353565459e-01
-5.015316837955544615e-01
-4.946408611256534749e-01
-4.877500384557524327e-01
-4.739683931159502928e-01
-4.739683931159502928e-01
-4.670775704460492506e-01
-4.601867477761482084e-01
-4.601867477761482084e-01
-4.601867477761482084e-01
-4.601867477761482084e-01
-4.532959251062471662e-01
-4.532959251062471662e-01
-4.532959251062471662e-01
-4.601867477761482084e-01
-4.601867477761482084e-01
-4.670775704460492506e-01
-4.739683931159502928e-01
-4.877500384557524327e-01
-4.946408611256534749e-01
-5.015316837955544615e-01
-5.084225064654555037e-01
-5.153133291353565459e-01
-5.153133291353565459e-01
-5.084225064654555037e-01
-5.084225064654555037e-01
-5.084225064654555037e-01
-5.084225064654555037e-01
-5.015316837955544615e-01
-5.153133291353565459e-01
-5.222041518052575881e-01
-5.153133291353565459e-01
-4.739683931159502928e-01
-4.395142797664451373e-01
-4.257326344266430529e-01
-4.188418117567420107e-01
-4.119509890868409685e-01
-4.050601664169399263e-01
-3.912785210771377864e-01
-3.843876984072367442e-01
-3.774968757373357020e-01
-3.706060530674346598e-01
-3.637152303975336176e-01
-3.568244077276325754e-01
-3.499335850577315332e-01
-3.430427623878304910e-01
-3.361519397179294488e-01
-3.361519397179294488e-01
-3.361519397179294488e-01
-3.361519397179294488e-01
-3.361519397179294488e-01
-3.361519397179294488e-01
-3.292611170480284066e-01
-3.223702943781273644e-01
-3.154794717082263222e-01
-3.085886490383252800e-01
-3.016978263684241823e-01
-2.879161810286220979e-01
-2.810253583587210557e-01
-2.741345356888200135e-01
-2.672437130189189713e-01
-2.603528903490179292e-01
-2.534620676791168870e-01
-2.534620676791168870e-01
-2.465712450092158448e-01
-2.465712450092158448e-01
-2.396804223393148026e-01
-2.396804223393148026e-01
-2.396804223393148026e-01
-2.327895996694137326e-01
-2.258987769995126904e-01
-2.190079543296116482e-01
-2.121171316597106060e-01
-2.052263089898095638e-01
-1.983354863199085216e-01
-1.914446636500074794e-01
-1.845538409801064095e-01
-1.707721956403043251e-01
-1.500997276306011985e-01
-1.363180822907990863e-01
-1.225364369509970019e-01
-1.018639689412938615e-01
-8.119150093159072101e-02
-2.606491957238235568e-02
2.906166178682601312e-02
5.662495246643019925e-02
7.040659780623229058e-02
7.729742047613333278e-02
8.418824314603438885e-02
9.796988848583647325e-02
1.048607111557375154e-01
1.186423564955396137e-01
1.324240018353416981e-01
1.324240018353416981e-01
1.186423564955396137e-01
9.107906581593543105e-02
6.351577513633124838e-02
3.595248445672705878e-02
1.528001644702392005e-02
-5.392451562679218685e-03
-2.606491957238235568e-02
-5.362821025198654529e-02
-7.430067826168967882e-02
-9.497314627139281928e-02
-1.087547916111949176e-01
-1.156456142810959598e-01
-1.225364369509970019e-01
-1.363180822907990863e-01
-1.432089049607001563e-01
-1.500997276306011985e-01
-1.500997276306011985e-01
-1.569905503005022407e-01
-1.707721956403043251e-01
-2.052263089898095638e-01
-2.327895996694137326e-01
-2.327895996694137326e-01
-2.121171316597106060e-01
-1.776630183102053673e-01
-1.500997276306011985e-01
-1.225364369509970019e-01
-9.497314627139281928e-02
-8.808232360149177709e-02
-1.018639689412938615e-01
-1.432089049607001563e-01
-1.845538409801064095e-01
-2.327895996694137326e-01
-3.016978263684241823e-01
-3.361519397179294488e-01
-3.223702943781273644e-01
-2.810253583587210557e-01
-1.638813729704032829e-01
1.186423564955396137e-01
5.941091207187118028e-01
1.262518919699113340e+00
2.130762576106644879e+00
3.171276799261702806e+00
4.335825830474980158e+00
5.493484039018356135e+00
6.423745099454997387e+00
6.878539395668465950e+00
6.671814715571434462e+00
5.769116945814397823e+00
4.404734057173990358e+00
2.950770473824869455e+00
1.717313215912582347e+00
8.904144955244568393e-01
5.872182980488107606e-01
4.907467806701961699e-01
4.149477313012845947e-01
3.598211499420762571e-01
2.702404552333626531e-01
1.324240018353416981e-01
-1.917409690248131002e-02
-1.363180822907990863e-01
-1.707721956403043251e-01
-1.983354863199085216e-01
-2.190079543296116482e-01
-2.327895996694137326e-01
-2.327895996694137326e-01
-2.258987769995126904e-01
-2.190079543296116482e-01
-2.052263089898095638e-01
-1.914446636500074794e-01
-1.845538409801064095e-01
-1.776630183102053673e-01
-1.707721956403043251e-01
-1.569905503005022407e-01
-1.500997276306011985e-01
-1.432089049607001563e-01
-1.363180822907990863e-01
-1.432089049607001563e-01
-1.500997276306011985e-01
-1.500997276306011985e-01
-1.638813729704032829e-01
-1.707721956403043251e-01
-1.776630183102053673e-01
-1.914446636500074794e-01
-2.052263089898095638e-01
-2.121171316597106060e-01
-2.190079543296116482e-01
-2.121171316597106060e-01
-1.914446636500074794e-01
-1.569905503005022407e-01
-1.363180822907990863e-01
-1.018639689412938615e-01
-7.430067826168967882e-02
-3.984656491218444702e-02
-5.392451562679218685e-03
2.906166178682601312e-02
4.973412979652915011e-02
4.973412979652915011e-02
4.284330712662810792e-02
4.284330712662810792e-02
4.284330712662810792e-02
4.284330712662810792e-02
4.284330712662810792e-02
3.595248445672705878e-02
2.217083911692496745e-02
4.284330712662810792e-02
9.796988848583647325e-02
1.462056471751438103e-01
2.013322285343521756e-01
2.426771645537584565e-01
2.840221005731647375e-01
3.115853912527689062e-01
3.322578592624720328e-01
3.529303272721752149e-01
3.873844406216804259e-01
4.218385539711856369e-01
4.562926673206909034e-01
4.907467806701961699e-01
5.252008940197013809e-01
5.596550073692065919e-01
6.009999433886129561e-01
6.285632340682171249e-01
6.423448794080192092e-01
6.561265247478212936e-01
6.699081700876233780e-01
6.836898154274254624e-01
6.974714607672275468e-01
7.181439287769306734e-01
7.388163967866338000e-01
7.525980421264358844e-01
7.663796874662379688e-01
7.801613328060400532e-01
7.939429781458422486e-01
8.077246234856443330e-01
8.283970914953474596e-01
8.490695595050505862e-01
8.559603821749516284e-01
8.559603821749516284e-01
8.352879141652485018e-01
7.939429781458422486e-01
7.457072194565348422e-01
6.630173474177223358e-01
5.320917166896024231e-01
4.356201993109877213e-01
3.253670365925709906e-01
2.426771645537584565e-01
1.668781151848469368e-01
8.418824314603438885e-02
1.498371107221827848e-03
-7.430067826168967882e-02
-1.500997276306011985e-01
-2.121171316597106060e-01
-2.741345356888200135e-01
-3.430427623878304910e-01
-4.119509890868409685e-01
-4.739683931159502928e-01
-4.946408611256534749e-01
-5.084225064654555037e-01
-5.084225064654555037e-01
-5.153133291353565459e-01
-5.222041518052575881e-01
-5.222041518052575881e-01
-5.290949744751586303e-01
-5.359857971450597836e-01
-5.497674424848618679e-01
-5.635490878246639523e-01
-5.704399104945649945e-01
-5.842215558343670789e-01
-5.911123785042681211e-01
-6.048940238440702055e-01
-6.117848465139712477e-01
-6.393481371935754165e-01
-6.669114278731795853e-01
-6.806930732129816697e-01
-6.600206052032785431e-01
-6.186756691838722899e-01
-5.704399104945649945e-01
-5.566582651547629101e-01
-5.428766198149608257e-01
-5.290949744751586303e-01
-5.222041518052575881e-01
-5.084225064654555037e-01
-4.946408611256534749e-01
-4.808592157858513350e-01
-4.739683931159502928e-01
-4.670775704460492506e-01
-4.601867477761482084e-01
-4.532959251062471662e-01
-4.395142797664451373e-01
-4.326234570965440951e-01
-4.257326344266430529e-01
-4.188418117567420107e-01
-4.188418117567420107e-01
-4.119509890868409685e-01
-4.050601664169399263e-01
-3.981693437470388286e-01
-3.912785210771377864e-01
-3.843876984072367442e-01
-3.774968757373357020e-01
-3.706060530674346598e-01
-3.568244077276325754e-01
-3.361519397179294488e-01
-3.223702943781273644e-01
-3.016978263684241823e-01
-2.810253583587210557e-01
-2.672437130189189713e-01
-2.603528903490179292e-01
-2.534620676791168870e-01
-2.465712450092158448e-01
-2.396804223393148026e-01
-2.327895996694137326e-01
-2.258987769995126904e-01
-2.190079543296116482e-01
-1.983354863199085216e-01
-1.776630183102053673e-01
-1.845538409801064095e-01
-2.190079543296116482e-01
-2.672437130189189713e-01
-3.016978263684241823e-01
-3.292611170480284066e-01
-3.568244077276325754e-01
-3.774968757373357020e-01
-3.912785210771377864e-01
-3.981693437470388286e-01
-3.912785210771377864e-01
-3.912785210771377864e-01
-3.774968757373357020e-01
-3.637152303975336176e-01
-3.568244077276325754e-01
-3.499335850577315332e-01
-3.361519397179294488e-01
-3.292611170480284066e-01
-3.154794717082263222e-01
-3.085886490383252800e-01
-3.085886490383252800e-01
-3.154794717082263222e-01
-3.223702943781273644e-01
-3.292611170480284066e-01
-3.430427623878304910e-01
-3.499335850577315332e-01
-3.568244077276325754e-01
-3.637152303975336176e-01
-3.706060530674346598e-01
-3.774968757373357020e-01
-3.774968757373357020e-01
-3.774968757373357020e-01
-3.706060530674346598e-01
-3.637152303975336176e-01
-3.568244077276325754e-01
-3.499335850577315332e-01
-3.430427623878304910e-01
-3.361519397179294488e-01
-3.292611170480284066e-01
-3.292611170480284066e-01
-3.292611170480284066e-01
-3.292611170480284066e-01
-3.292611170480284066e-01
-3.292611170480284066e-01
-3.361519397179294488e-01
-3.361519397179294488e-01
-3.361519397179294488e-01
-3.361519397179294488e-01
-3.361519397179294488e-01
-3.430427623878304910e-01
-3.361519397179294488e-01
-3.361519397179294488e-01
-3.292611170480284066e-01
-3.223702943781273644e-01
-3.154794717082263222e-01
-3.085886490383252800e-01
-2.948070036985231401e-01
-2.810253583587210557e-01
-2.741345356888200135e-01
-2.603528903490179292e-01
-2.465712450092158448e-01
-2.327895996694137326e-01
-2.190079543296116482e-01
-1.983354863199085216e-01
-1.845538409801064095e-01
-1.638813729704032829e-01
-1.500997276306011985e-01
-1.363180822907990863e-01
-1.156456142810959598e-01
-9.497314627139281928e-02
-8.119150093159072101e-02
-6.740985559178863662e-02
-6.051903292188758748e-02
-5.362821025198654529e-02
-3.984656491218444702e-02
-3.295574224228340482e-02
-1.917409690248131002e-02
-1.228327423258026435e-02
-5.392451562679218685e-03
8.389193777122874382e-03
1.528001644702392005e-02
3.595248445672705878e-02
4.973412979652915011e-02
6.351577513633124838e-02
8.418824314603438885e-02
9.796988848583647325e-02
1.117515338256385715e-01
1.186423564955396137e-01
1.255331791654406559e-01
1.255331791654406559e-01
1.186423564955396137e-01
1.117515338256385715e-01
9.107906581593543105e-02
7.729742047613333278e-02
6.351577513633124838e-02
4.973412979652915011e-02
3.595248445672705878e-02
2.217083911692496745e-02
1.498371107221827848e-03
-1.228327423258026435e-02
-1.917409690248131002e-02
-2.606491957238235568e-02
-3.984656491218444702e-02
-5.362821025198654529e-02
-7.430067826168967882e-02
-8.808232360149177709e-02
-1.018639689412938615e-01
-1.156456142810959598e-01
-1.294272596208980441e-01
-1.500997276306011985e-01
-1.569905503005022407e-01
-1.638813729704032829e-01
-1.707721956403043251e-01
-1.776630183102053673e-01
-1.707721956403043251e-01
-1.707721956403043251e-01
-1.707721956403043251e-01
-1.776630183102053673e-01
-1.776630183102053673e-01
-1.845538409801064095e-01
-1.914446636500074794e-01
-2.190079543296116482e-01
-2.327895996694137326e-01
-2.121171316597106060e-01
-1.569905503005022407e-01
1.528001644702392005e-02
3.667119726119772993e-01
8.766328501846547550e-01
1.572605939844660350e+00
2.461522064261895348e+00
3.508927110086854206e+00
4.611458737271021846e+00
5.658863783095981148e+00
6.423745099454997387e+00
6.658033070231632600e+00
6.223911242027867274e+00
5.238523600232016797e+00
3.901704002271214389e+00
2.495976177611400448e+00
1.324536323728222831e+00
6.147815887284150405e-01
4.080569086313835525e-01
3.460395046022741172e-01
3.046945685828678640e-01
2.633496325634616109e-01
2.220046965440553022e-01
1.393148245052427403e-01
1.498371107221827848e-03
-1.569905503005022407e-01
-2.741345356888200135e-01
-3.016978263684241823e-01
-3.223702943781273644e-01
-3.361519397179294488e-01
-3.430427623878304910e-01
-3.499335850577315332e-01
-3.637152303975336176e-01
-3.706060530674346598e-01
-3.706060530674346598e-01
-3.774968757373357020e-01
-3.774968757373357020e-01
-3.774968757373357020e-01
-3.774968757373357020e-01
-3.774968757373357020e-01
-3.706060530674346598e-01
-3.706060530674346598e-01
-3.706060530674346598e-01
-3.774968757373357020e-01
-3.774968757373357020e-01
-3.843876984072367442e-01
-3.843876984072367442e-01
-3.568244077276325754e-01
-3.223702943781273644e-01
-2.879161810286220979e-01
-2.672437130189189713e-01
-2.534620676791168870e-01
-2.327895996694137326e-01
-2.190079543296116482e-01
-1.983354863199085216e-01
-1.914446636500074794e-01
-1.776630183102053673e-01
-1.707721956403043251e-01
-1.569905503005022407e-01
-1.500997276306011985e-01
-1.432089049607001563e-01
-1.363180822907990863e-01
-1.294272596208980441e-01
-1.225364369509970019e-01
-1.156456142810959598e-01
-1.087547916111949176e-01
-9.497314627139281928e-02
-8.119150093159072101e-02
-6.740985559178863662e-02
-2.606491957238235568e-02
2.906166178682601312e-02
1.048607111557375154e-01
1.668781151848469368e-01
2.288955192139563444e-01
2.702404552333626531e-01
2.840221005731647375e-01
2.978037459129668219e-01
3.046945685828678640e-01
3.184762139226699484e-01
3.253670365925709906e-01
3.322578592624720328e-01
3.391486819323730750e-01
3.460395046022741172e-01
3.667119726119772993e-01
3.873844406216804259e-01
4.149477313012845947e-01
4.494018446507898612e-01
5.045284260099982543e-01
5.872182980488107606e-01
6.561265247478212936e-01
7.043622834371285890e-01
7.388163967866338000e-01
7.732705101361390110e-01
8.008338008157432908e-01
8.215062688254464174e-01
8.421787368351495440e-01
8.628512048448526706e-01
8.835236728545557972e-01
8.904144955244568393e-01
8.904144955244568393e-01
8.766328501846547550e-01
8.421787368351495440e-01
8.008338008157432908e-01
7.525980421264358844e-01
6.699081700876233780e-01
5.803274753789097185e-01
4.562926673206909034e-01
3.253670365925709906e-01
2.426771645537584565e-01
1.737689378547479790e-01
8.418824314603438885e-02
1.498371107221827848e-03
-8.808232360149177709e-02
-1.569905503005022407e-01
-2.121171316597106060e-01
-2.465712450092158448e-01
-2.672437130189189713e-01
-2.948070036985231401e-01
-3.292611170480284066e-01
-3.568244077276325754e-01
-3.843876984072367442e-01
-4.188418117567420107e-01
-4.532959251062471662e-01
-4.877500384557524327e-01
-5.222041518052575881e-01
-5.497674424848618679e-01
-5.635490878246639523e-01
-5.704399104945649945e-01
-5.773307331644660367e-01
-5.842215558343670789e-01
-5.911123785042681211e-01
-5.980032011741691633e-01
-6.048940238440702055e-01
-6.048940238440702055e-01
-6.117848465139712477e-01
-6.186756691838722899e-01
-6.186756691838722899e-01
-6.186756691838722899e-01
-6.186756691838722899e-01
-6.117848465139712477e-01
-5.980032011741691633e-01
-5.842215558343670789e-01
-5.704399104945649945e-01
-5.566582651547629101e-01
-5.428766198149608257e-01
-5.290949744751586303e-01
-5.222041518052575881e-01
-5.153133291353565459e-01
-5.084225064654555037e-01
-5.015316837955544615e-01
-4.946408611256534749e-01
-4.877500384557524327e-01
-4.877500384557524327e-01
-4.739683931159502928e-01
-4.670775704460492506e-01
-4.532959251062471662e-01
-4.395142797664451373e-01
-4.326234570965440951e-01
-4.188418117567420107e-01
-4.050601664169399263e-01
-3.981693437470388286e-01
-3.843876984072367442e-01
-3.774968757373357020e-01
-3.706060530674346598e-01
-3.637152303975336176e-01
-3.568244077276325754e-01
-3.430427623878304910e-01
-3.292611170480284066e-01
-3.154794717082263222e-01
-3.016978263684241823e-01
-2.948070036985231401e-01
-2.810253583587210557e-01
-2.741345356888200135e-01
-2.672437130189189713e-01
-2.672437130189189713e-01
-2.741345356888200135e-01
-2.810253583587210557e-01
-2.879161810286220979e-01
-3.016978263684241823e-01
-3.085886490383252800e-01
-3.154794717082263222e-01
-3.223702943781273644e-01
-3.361519397179294488e-01
-3.430427623878304910e-01
-3.499335850577315332e-01
-3.568244077276325754e-01
-3.706060530674346598e-01
-3.843876984072367442e-01
-3.981693437470388286e-01
-4.050601664169399263e-01
-4.050601664169399263e-01
-3.912785210771377864e-01
-3.774968757373357020e-01
-3.568244077276325754e-01
-3.499335850577315332e-01
-3.361519397179294488e-01
-3.292611170480284066e-01
-3.154794717082263222e-01
-3.016978263684241823e-01
-2.879161810286220979e-01
-2.810253583587210557e-01
-2.810253583587210557e-01
-2.810253583587210557e-01
-2.879161810286220979e-01
-2.948070036985231401e-01
-3.016978263684241823e-01
-3.154794717082263222e-01
-3.292611170480284066e-01
-3.430427623878304910e-01
-3.637152303975336176e-01
-3.774968757373357020e-01
-3.912785210771377864e-01
-3.981693437470388286e-01
-4.188418117567420107e-01
-4.326234570965440951e-01
-4.532959251062471662e-01
-4.601867477761482084e-01
-4.670775704460492506e-01
-4.670775704460492506e-01
-4.601867477761482084e-01
-4.464051024363461240e-01
-4.257326344266430529e-01
-4.050601664169399263e-01
-3.843876984072367442e-01
-3.637152303975336176e-01
-3.499335850577315332e-01
-3.361519397179294488e-01
-3.223702943781273644e-01
-3.085886490383252800e-01
-2.948070036985231401e-01
-2.879161810286220979e-01
-2.810253583587210557e-01
-2.672437130189189713e-01
-2.603528903490179292e-01
-2.465712450092158448e-01
-2.327895996694137326e-01
-2.190079543296116482e-01
-2.121171316597106060e-01
-2.052263089898095638e-01
-1.983354863199085216e-01
-1.914446636500074794e-01
-1.776630183102053673e-01
-1.707721956403043251e-01
-1.638813729704032829e-01
-1.500997276306011985e-01
-1.500997276306011985e-01
-1.294272596208980441e-01
-1.018639689412938615e-01
-8.119150093159072101e-02
-6.051903292188758748e-02
-5.362821025198654529e-02
-5.362821025198654529e-02
-5.362821025198654529e-02
-6.051903292188758748e-02
-6.740985559178863662e-02
-7.430067826168967882e-02
-9.497314627139281928e-02
-1.225364369509970019e-01
-1.156456142810959598e-01
-3.984656491218444702e-02
1.528001644702392005e-02
5.662495246643019925e-02
9.107906581593543105e-02
1.186423564955396137e-01
1.324240018353416981e-01
1.530964698450448525e-01
1.668781151848469368e-01
1.875505831945500634e-01
2.082230512042532178e-01
2.288955192139563444e-01
2.357863418838574143e-01
2.288955192139563444e-01
2.082230512042532178e-01
1.806597605246490212e-01
1.462056471751438103e-01
1.048607111557375154e-01
5.662495246643019925e-02
1.528001644702392005e-02
-1.917409690248131002e-02
-5.362821025198654529e-02
-6.740985559178863662e-02
-7.430067826168967882e-02
-8.808232360149177709e-02
-9.497314627139281928e-02
-1.018639689412938615e-01
-1.087547916111949176e-01
-1.087547916111949176e-01
-1.156456142810959598e-01
-1.156456142810959598e-01
-1.225364369509970019e-01
-1.363180822907990863e-01
-1.432089049607001563e-01
-1.432089049607001563e-01
-1.432089049607001563e-01
-1.432089049607001563e-01
-1.500997276306011985e-01
-1.500997276306011985e-01
-1.638813729704032829e-01
-1.707721956403043251e-01
-1.845538409801064095e-01
-1.983354863199085216e-01
-2.258987769995126904e-01
-2.465712450092158448e-01
-2.258987769995126904e-01
-1.638813729704032829e-01
-1.228327423258026435e-02
2.771312779032636953e-01
7.319255741167327578e-01
1.372772082417530015e+00
2.241015738825061554e+00
3.336656543339328262e+00
4.583895446591418121e+00
5.831134349843507536e+00
6.795849523629653888e+00
7.209298883823716864e+00
6.899211863678169188e+00
5.886260931202715874e+00
4.411624879843891733e+00
2.888753069795760187e+00
1.655295811883473078e+00
9.041961408642589237e-01
6.767989927575244202e-01
5.941091207187118028e-01
5.389825393595034653e-01
4.011660859614825103e-01
1.530964698450448525e-01
-1.225364369509970019e-01
-1.983354863199085216e-01
-2.190079543296116482e-01
-2.327895996694137326e-01
-2.396804223393148026e-01
-2.465712450092158448e-01
-2.603528903490179292e-01
-2.810253583587210557e-01
-3.154794717082263222e-01
-3.430427623878304910e-01
-3.637152303975336176e-01
-3.843876984072367442e-01
-4.050601664169399263e-01
-4.119509890868409685e-01
-4.257326344266430529e-01
-4.257326344266430529e-01
-4.257326344266430529e-01
-4.188418117567420107e-01
-4.119509890868409685e-01
-3.981693437470388286e-01
-3.843876984072367442e-01
-3.706060530674346598e-01
-3.568244077276325754e-01
-3.499335850577315332e-01
-3.430427623878304910e-01
-3.292611170480284066e-01
-3.154794717082263222e-01
-3.016978263684241823e-01
-2.879161810286220979e-01
-2.810253583587210557e-01
-2.672437130189189713e-01
-2.534620676791168870e-01
-2.396804223393148026e-01
-2.258987769995126904e-01
-2.121171316597106060e-01
-1.983354863199085216e-01
-1.845538409801064095e-01
-1.707721956403043251e-01
-1.500997276306011985e-01
-1.363180822907990863e-01
-1.156456142810959598e-01
-9.497314627139281928e-02
-7.430067826168967882e-02
-4.673738758208549615e-02
-2.606491957238235568e-02
1.498371107221827848e-03
2.906166178682601312e-02
4.973412979652915011e-02
7.729742047613333278e-02
1.048607111557375154e-01
1.324240018353416981e-01
1.530964698450448525e-01
1.668781151848469368e-01
1.875505831945500634e-01
2.013322285343521756e-01
2.151138738741542600e-01
2.288955192139563444e-01
2.495679872236594987e-01
2.771312779032636953e-01
2.978037459129668219e-01
3.322578592624720328e-01
3.667119726119772993e-01
4.080569086313835525e-01
4.494018446507898612e-01
4.907467806701961699e-01
5.320917166896024231e-01
5.665458300391076341e-01
6.009999433886129561e-01
6.285632340682171249e-01
6.561265247478212936e-01
6.767989927575244202e-01
6.974714607672275468e-01
7.112531061070296312e-01
7.181439287769306734e-01
7.250347514468317156e-01
7.250347514468317156e-01
7.181439287769306734e-01
7.112531061070296312e-01
6.905806380973265046e-01
6.699081700876233780e-01
6.354540567381181670e-01
6.009999433886129561e-01
5.183100713498003387e-01
3.804936179517793837e-01
2.840221005731647375e-01
2.082230512042532178e-01
9.796988848583647325e-02
2.906166178682601312e-02
-1.917409690248131002e-02
-5.362821025198654529e-02
-8.808232360149177709e-02
-1.225364369509970019e-01
-1.500997276306011985e-01
-1.638813729704032829e-01
-1.914446636500074794e-01
-2.190079543296116482e-01
-2.534620676791168870e-01
-2.948070036985231401e-01
-3.361519397179294488e-01
-3.774968757373357020e-01
-4.257326344266430529e-01
-4.808592157858513350e-01
-5.359857971450597836e-01
-5.842215558343670789e-01
-6.186756691838722899e-01
-6.462389598634764587e-01
-6.669114278731795853e-01
-6.875838958828827119e-01
-7.082563638925858385e-01
-7.289288319022890761e-01
-7.358196545721901183e-01
-7.358196545721901183e-01
-7.151471865624868807e-01
-6.875838958828827119e-01
-6.531297825333775009e-01
-6.255664918537733321e-01
-5.911123785042681211e-01
-5.497674424848618679e-01
-5.290949744751586303e-01
-5.359857971450597836e-01
-5.635490878246639523e-01
-5.842215558343670789e-01
-6.048940238440702055e-01
-6.255664918537733321e-01
-6.462389598634764587e-01
-6.669114278731795853e-01
-6.738022505430806275e-01
-6.669114278731795853e-01
-6.462389598634764587e-01
-6.186756691838722899e-01
-5.911123785042681211e-01
-5.773307331644660367e-01
-5.566582651547629101e-01
-5.428766198149608257e-01
-5.290949744751586303e-01
-5.222041518052575881e-01
-5.084225064654555037e-01
-4.877500384557524327e-01
-4.739683931159502928e-01
-4.601867477761482084e-01
-4.395142797664451373e-01
-4.257326344266430529e-01
-4.188418117567420107e-01
-4.050601664169399263e-01
-3.981693437470388286e-01
-3.912785210771377864e-01
-3.843876984072367442e-01
-3.774968757373357020e-01
-3.774968757373357020e-01
-3.774968757373357020e-01
-3.774968757373357020e-01
-3.774968757373357020e-01
-3.774968757373357020e-01
-3.774968757373357020e-01
-3.706060530674346598e-01
-3.706060530674346598e-01
-3.706060530674346598e-01
-3.637152303975336176e-01
-3.568244077276325754e-01
-3.568244077276325754e-01
-3.499335850577315332e-01
-3.499335850577315332e-01
-3.568244077276325754e-01
-3.568244077276325754e-01
-3.568244077276325754e-01
-3.568244077276325754e-01
-3.568244077276325754e-01
-3.568244077276325754e-01
-3.568244077276325754e-01
-3.568244077276325754e-01
-3.499335850577315332e-01
-3.430427623878304910e-01
-3.361519397179294488e-01
-3.292611170480284066e-01
-3.292611170480284066e-01
-3.223702943781273644e-01
-3.223702943781273644e-01
-3.223702943781273644e-01
-3.154794717082263222e-01
-3.154794717082263222e-01
-3.154794717082263222e-01
-3.154794717082263222e-01
-3.223702943781273644e-01
-3.292611170480284066e-01
-3.292611170480284066e-01
-3.292611170480284066e-01
-3.292611170480284066e-01
-3.292611170480284066e-01
-3.223702943781273644e-01
-3.154794717082263222e-01
-3.154794717082263222e-01
-3.085886490383252800e-01
-3.016978263684241823e-01
-2.948070036985231401e-01
-2.948070036985231401e-01
-2.948070036985231401e-01
-2.879161810286220979e-01
-2.879161810286220979e-01
-2.810253583587210557e-01
-2.741345356888200135e-01
-2.741345356888200135e-01
-2.672437130189189713e-01
-2.672437130189189713e-01
-2.603528903490179292e-01
-2.534620676791168870e-01
-2.465712450092158448e-01
-2.465712450092158448e-01
-2.465712450092158448e-01
-2.465712450092158448e-01
-2.465712450092158448e-01
-2.465712450092158448e-01
-2.396804223393148026e-01
-2.327895996694137326e-01
-2.258987769995126904e-01
-2.121171316597106060e-01
-2.052263089898095638e-01
-1.983354863199085216e-01
-1.914446636500074794e-01
-1.776630183102053673e-01
-1.707721956403043251e-01
-1.638813729704032829e-01
-1.569905503005022407e-01
-1.500997276306011985e-01
-1.500997276306011985e-01
-1.363180822907990863e-01
-1.225364369509970019e-01
-1.087547916111949176e-01
-9.497314627139281928e-02
-8.119150093159072101e-02
-6.051903292188758748e-02
-4.673738758208549615e-02
-2.606491957238235568e-02
-1.228327423258026435e-02
-5.392451562679218685e-03
1.498371107221827848e-03
1.498371107221827848e-03
8.389193777122874382e-03
1.528001644702392005e-02
2.217083911692496745e-02
2.217083911692496745e-02
2.906166178682601312e-02
3.595248445672705878e-02
4.284330712662810792e-02
5.662495246643019925e-02
7.729742047613333278e-02
9.107906581593543105e-02
9.796988848583647325e-02
1.048607111557375154e-01
1.048607111557375154e-01
9.796988848583647325e-02
9.796988848583647325e-02
8.418824314603438885e-02
6.351577513633124838e-02
4.284330712662810792e-02
1.528001644702392005e-02
-5.392451562679218685e-03
-1.917409690248131002e-02
-3.295574224228340482e-02
-3.984656491218444702e-02
-5.362821025198654529e-02
-7.430067826168967882e-02
-8.808232360149177709e-02
-9.497314627139281928e-02
-1.087547916111949176e-01
-1.156456142810959598e-01
-1.225364369509970019e-01
-1.363180822907990863e-01
-1.432089049607001563e-01
-1.500997276306011985e-01
-1.569905503005022407e-01
-1.638813729704032829e-01
-1.707721956403043251e-01
-1.776630183102053673e-01
-1.845538409801064095e-01
-1.914446636500074794e-01
-1.983354863199085216e-01
-2.052263089898095638e-01
-2.121171316597106060e-01
-2.258987769995126904e-01
-2.396804223393148026e-01
-2.672437130189189713e-01
-3.154794717082263222e-01
-3.430427623878304910e-01
-3.016978263684241823e-01
-2.052263089898095638e-01
7.040659780623229058e-02
5.941091207187118028e-01
1.324536323728222831e+00
2.275469852174567098e+00
3.419346415378140769e+00
4.694148609309834796e+00
5.872479285862913123e+00
6.630469779552028875e+00
6.706268828920940450e+00
6.320382759406481199e+00
5.128270437513600122e+00
3.660525208824677801e+00
2.309923965524072198e+00
1.290082210378717509e+00
6.561265247478212936e-01
4.218385539711856369e-01
3.253670365925709906e-01
2.151138738741542600e-01
7.040659780623229058e-02
-1.018639689412938615e-01
-2.396804223393148026e-01
-3.361519397179294488e-01
-4.257326344266430529e-01
-4.670775704460492506e-01
-4.946408611256534749e-01
-5.153133291353565459e-01
-5.359857971450597836e-01
-5.428766198149608257e-01
-5.497674424848618679e-01
-5.566582651547629101e-01
-5.566582651547629101e-01
-5.566582651547629101e-01
-5.497674424848618679e-01
-5.428766198149608257e-01
-5.359857971450597836e-01
-5.290949744751586303e-01
-5.153133291353565459e-01
-5.084225064654555037e-01
-4.946408611256534749e-01
-4.877500384557524327e-01
-4.808592157858513350e-01
-4.808592157858513350e-01
-4.808592157858513350e-01
-4.739683931159502928e-01
-4.670775704460492506e-01
-4.601867477761482084e-01
-4.532959251062471662e-01
-4.395142797664451373e-01
-4.326234570965440951e-01
-4.188418117567420107e-01
-4.050601664169399263e-01
-3.912785210771377864e-01
-3.706060530674346598e-01
-3.568244077276325754e-01
-3.430427623878304910e-01
-3.292611170480284066e-01
-3.154794717082263222e-01
-2.948070036985231401e-01
-2.810253583587210557e-01
-2.534620676791168870e-01
-2.327895996694137326e-01
-2.052263089898095638e-01
-1.707721956403043251e-01
-1.500997276306011985e-01
-1.294272596208980441e-01
-1.087547916111949176e-01
-8.119150093159072101e-02
-6.051903292188758748e-02
-4.673738758208549615e-02
-2.606491957238235568e-02
-5.392451562679218685e-03
2.217083911692496745e-02
4.284330712662810792e-02
6.351577513633124838e-02
9.107906581593543105e-02
1.186423564955396137e-01
1.530964698450448525e-01
1.944414058644511334e-01
2.357863418838574143e-01
2.771312779032636953e-01
3.253670365925709906e-01
3.667119726119772993e-01
4.011660859614825103e-01
4.287293766410866791e-01
4.631834899905920011e-01
4.907467806701961699e-01
5.183100713498003387e-01
5.458733620294045075e-01
5.734366527090086763e-01
5.872182980488107606e-01
6.009999433886129561e-01
6.147815887284150405e-01
6.285632340682171249e-01
6.423448794080192092e-01
6.630173474177223358e-01
6.767989927575244202e-01
6.905806380973265046e-01
6.905806380973265046e-01
6.699081700876233780e-01
6.423448794080192092e-01
6.078907660585139983e-01
5.665458300391076341e-01
5.114192486798992965e-01
4.494018446507898612e-01
3.736027952818783415e-01
3.046945685828678640e-01
2.357863418838574143e-01
1.668781151848469368e-01
9.796988848583647325e-02
1.528001644702392005e-02
-7.430067826168967882e-02
-1.569905503005022407e-01
-2.327895996694137326e-01
-2.810253583587210557e-01
-3.292611170480284066e-01
-3.774968757373357020e-01
-4.188418117567420107e-01
-4.601867477761482084e-01
-5.015316837955544615e-01
-5.359857971450597836e-01
-5.704399104945649945e-01
-5.980032011741691633e-01
-6.186756691838722899e-01
-6.393481371935754165e-01
-6.531297825333775009e-01
-6.669114278731795853e-01
-6.669114278731795853e-01
-6.531297825333775009e-01
-6.255664918537733321e-01
-5.911123785042681211e-01
-5.635490878246639523e-01
-5.497674424848618679e-01
-5.359857971450597836e-01
-5.290949744751586303e-01
-5.222041518052575881e-01
-5.153133291353565459e-01
-5.015316837955544615e-01
-4.946408611256534749e-01
-4.877500384557524327e-01
-4.877500384557524327e-01
-4.808592157858513350e-01
-4.808592157858513350e-01
-4.739683931159502928e-01
-4.739683931159502928e-01
-4.739683931159502928e-01
-4.739683931159502928e-01
-4.670775704460492506e-01
-4.670775704460492506e-01
-4.601867477761482084e-01
-4.532959251062471662e-01
-4.464051024363461240e-01
-4.395142797664451373e-01
-4.326234570965440951e-01
-4.257326344266430529e-01
-4.188418117567420107e-01
-4.119509890868409685e-01
-3.981693437470388286e-01
-3.912785210771377864e-01
-3.843876984072367442e-01
-3.774968757373357020e-01
-3.706060530674346598e-01
-3.568244077276325754e-01
-3.430427623878304910e-01
-3.292611170480284066e-01
-3.154794717082263222e-01
-3.016978263684241823e-01
-2.948070036985231401e-01
-2.810253583587210557e-01
-2.741345356888200135e-01
-2.603528903490179292e-01
-2.534620676791168870e-01
-2.534620676791168870e-01
-2.534620676791168870e-01
-2.534620676791168870e-01
-2.534620676791168870e-01
-2.534620676791168870e-01
-2.534620676791168870e-01
-2.534620676791168870e-01
-2.534620676791168870e-01
-2.465712450092158448e-01
-2.396804223393148026e-01
-2.121171316597106060e-01
-1.845538409801064095e-01
-1.845538409801064095e-01
-2.052263089898095638e-01
-2.327895996694137326e-01
-2.396804223393148026e-01
-2.534620676791168870e-01
-2.603528903490179292e-01
-2.741345356888200135e-01
-2.810253583587210557e-01
-2.948070036985231401e-01
-3.016978263684241823e-01
-3.154794717082263222e-01
-3.292611170480284066e-01
-3.292611170480284066e-01
-3.292611170480284066e-01
-3.292611170480284066e-01
-3.154794717082263222e-01
-3.016978263684241823e-01
-2.879161810286220979e-01
-2.810253583587210557e-01
-2.672437130189189713e-01
-2.534620676791168870e-01
-2.465712450092158448e-01
-2.327895996694137326e-01
-2.327895996694137326e-01
-2.258987769995126904e-01
-2.258987769995126904e-01
-2.258987769995126904e-01
-2.258987769995126904e-01
-2.190079543296116482e-01
-2.190079543296116482e-01
-2.190079543296116482e-01
-2.121171316597106060e-01
-2.121171316597106060e-01
-2.052263089898095638e-01
-1.983354863199085216e-01
-1.914446636500074794e-01
-1.914446636500074794e-01
-1.914446636500074794e-01
-1.914446636500074794e-01
-1.914446636500074794e-01
-1.845538409801064095e-01
-1.845538409801064095e-01
-1.845538409801064095e-01
-1.914446636500074794e-01
-1.914446636500074794e-01
-1.914446636500074794e-01
-1.845538409801064095e-01
-1.776630183102053673e-01
-1.707721956403043251e-01
-1.569905503005022407e-01
-1.500997276306011985e-01
-1.432089049607001563e-01
-1.294272596208980441e-01
-1.156456142810959598e-01
-1.018639689412938615e-01
-9.497314627139281928e-02
-6.051903292188758748e-02
2.906166178682601312e-02
6.351577513633124838e-02
9.107906581593543105e-02
1.186423564955396137e-01
1.393148245052427403e-01
1.462056471751438103e-01
1.393148245052427403e-01
1.255331791654406559e-01
1.048607111557375154e-01
9.107906581593543105e-02
7.040659780623229058e-02
5.662495246643019925e-02
4.284330712662810792e-02
4.284330712662810792e-02
6.351577513633124838e-02
9.107906581593543105e-02
1.186423564955396137e-01
1.324240018353416981e-01
1.462056471751438103e-01
1.668781151848469368e-01
1.875505831945500634e-01
2.013322285343521756e-01
2.151138738741542600e-01
2.220046965440553022e-01
2.220046965440553022e-01
2.151138738741542600e-01
2.013322285343521756e-01
1.806597605246490212e-01
1.530964698450448525e-01
1.255331791654406559e-01
9.796988848583647325e-02
7.040659780623229058e-02
4.284330712662810792e-02
1.528001644702392005e-02
-1.917409690248131002e-02
-5.362821025198654529e-02
-7.430067826168967882e-02
-8.119150093159072101e-02
-8.119150093159072101e-02
-7.430067826168967882e-02
-6.740985559178863662e-02
-5.362821025198654529e-02
-4.673738758208549615e-02
-3.984656491218444702e-02
-2.606491957238235568e-02
-5.392451562679218685e-03
1.528001644702392005e-02
1.528001644702392005e-02
-5.392451562679218685e-03
-3.984656491218444702e-02
-7.430067826168967882e-02
-1.087547916111949176e-01
-1.500997276306011985e-01
-1.845538409801064095e-01
-1.845538409801064095e-01
-1.569905503005022407e-01
-1.087547916111949176e-01
7.729742047613333278e-02
3.942752632915814681e-01
8.973053181943578815e-01
1.579496762514561503e+00
2.427067950912389804e+00
3.405564770038338462e+00
4.466751461203100071e+00
5.465920748338751523e+00
6.175675483338559424e+00
6.403072631445294149e+00
6.003404916591033036e+00
4.983563161445678347e+00
3.619180272805271326e+00
2.337487256203676367e+00
1.365881259747629084e+00
7.801613328060400532e-01
5.665458300391076341e-01
4.907467806701961699e-01
4.149477313012845947e-01
2.426771645537584565e-01
4.284330712662810792e-02
-1.228327423258026435e-02
-3.984656491218444702e-02
-6.740985559178863662e-02
-8.808232360149177709e-02
-1.018639689412938615e-01
-1.156456142810959598e-01
-1.363180822907990863e-01
-1.776630183102053673e-01
-2.603528903490179292e-01
-3.016978263684241823e-01
-3.292611170480284066e-01
-3.499335850577315332e-01
-3.568244077276325754e-01
-3.499335850577315332e-01
-3.499335850577315332e-01
-3.430427623878304910e-01
-3.292611170480284066e-01
-3.292611170480284066e-01
-3.223702943781273644e-01
-3.223702943781273644e-01
-3.154794717082263222e-01
-3.016978263684241823e-01
-2.879161810286220979e-01
-2.741345356888200135e-01
-2.534620676791168870e-01
-2.396804223393148026e-01
-2.327895996694137326e-01
-2.258987769995126904e-01
-2.190079543296116482e-01
-2.121171316597106060e-01
-2.052263089898095638e-01
-2.052263089898095638e-01
-1.983354863199085216e-01
-1.914446636500074794e-01
-1.914446636500074794e-01
-1.845538409801064095e-01
-1.776630183102053673e-01
-1.707721956403043251e-01
-1.638813729704032829e-01
-1.638813729704032829e-01
-1.569905503005022407e-01
-1.500997276306011985e-01
-1.500997276306011985e-01
-1.432089049607001563e-01
-1.432089049607001563e-01
-1.363180822907990863e-01
-1.294272596208980441e-01
-1.225364369509970019e-01
-1.156456142810959598e-01
-1.018639689412938615e-01
-8.119150093159072101e-02
-6.740985559178863662e-02
-3.984656491218444702e-02
2.217083911692496745e-02
9.107906581593543105e-02
1.530964698450448525e-01
2.013322285343521756e-01
2.357863418838574143e-01
2.702404552333626531e-01
2.978037459129668219e-01
3.322578592624720328e-01
3.667119726119772993e-01
4.011660859614825103e-01
4.287293766410866791e-01
4.562926673206909034e-01
4.769651353303940855e-01
4.976376033400972121e-01
5.183100713498003387e-01
5.320917166896024231e-01
5.389825393595034653e-01
5.458733620294045075e-01
5.596550073692065919e-01
5.665458300391076341e-01
5.734366527090086763e-01
5.872182980488107606e-01
6.147815887284150405e-01
6.285632340682171249e-01
6.009999433886129561e-01
5.527641846993055497e-01
5.114192486798992965e-01
4.769651353303940855e-01
4.356201993109877213e-01
3.942752632915814681e-01
3.460395046022741172e-01
2.840221005731647375e-01
2.013322285343521756e-01
1.255331791654406559e-01
4.284330712662810792e-02
-3.295574224228340482e-02
-1.156456142810959598e-01
-2.190079543296116482e-01
-3.706060530674346598e-01
-5.015316837955544615e-01
